Listing of Grid Distortion Data

File : F:\Dropbox\Eduardo Fundus camera\Real 3mm pupil\fund41 MTF 3mm pupil 2mm air gap 90deg field..zmx
Title: 
Date : 8/21/2018
Configuration 1 of 5

Units are Millimeters.
Field units are degrees
WARNING: Field units have been changed from real image height to field angle.
Wavelength: 0.52000 ?m
Reference Coordinates: Xref =  0.00000E+00, Yref = -6.34891E-10
 -12  -12 Ray Error
 -12  -11 Ray Error
 -12   11 Ray Error
 -12   12 Ray Error
 -11  -12 Ray Error
 -11   12 Ray Error
  11  -12 Ray Error
  11   12 Ray Error
  12  -12 Ray Error
  12  -11 Ray Error
  12   11 Ray Error
  12   12 Ray Error

   i	   j	   X-Field  	   Y-Field  	   R-Field  	  Predicted X	  Predicted Y	   Real X	        Real Y	        Distortion
 -12	 -10	 -3.25000E+01	 -2.79857E+01	  3.97301E+01	  3.87834E+00	  3.23196E+00	  3.35352E+00	  2.79437E+00	   -13.535046%
 -12	  -9	 -3.25000E+01	 -2.55618E+01	  3.85886E+01	  3.87834E+00	  2.90876E+00	  3.33881E+00	  2.50386E+00	   -13.914490%
 -12	  -8	 -3.25000E+01	 -2.30357E+01	  3.74923E+01	  3.87834E+00	  2.58557E+00	  3.34810E+00	  2.23181E+00	   -13.674825%
 -12	  -7	 -3.25000E+01	 -2.04113E+01	  3.64583E+01	  3.87834E+00	  2.26237E+00	  3.36424E+00	  1.96222E+00	   -13.258594%
 -12	  -6	 -3.25000E+01	 -1.76943E+01	  3.55051E+01	  3.87834E+00	  1.93917E+00	  3.38217E+00	  1.69084E+00	   -12.795917%
 -12	  -5	 -3.25000E+01	 -1.48927E+01	  3.46523E+01	  3.87834E+00	  1.61598E+00	  3.39961E+00	  1.41627E+00	   -12.345891%
 -12	  -4	 -3.25000E+01	 -1.20163E+01	  3.39197E+01	  3.87834E+00	  1.29278E+00	  3.41523E+00	  1.13818E+00	   -11.942586%
 -12	  -3	 -3.25000E+01	 -9.07711E+00	  3.33260E+01	  3.87834E+00	  9.69587E-01	  3.42817E+00	  8.56823E-01	   -11.608498%
 -12	  -2	 -3.25000E+01	 -6.08901E+00	  3.28880E+01	  3.87834E+00	  6.46391E-01	  3.43782E+00	  5.72755E-01	   -11.359268%
 -12	  -1	 -3.25000E+01	 -3.06731E+00	  3.26189E+01	  3.87834E+00	  3.23196E-01	  3.44377E+00	  2.86768E-01	   -11.205470%
 -12	   0	 -3.25000E+01	 -2.84622E-02	  3.25271E+01	  3.87834E+00	 -0.00000E+00	  3.44578E+00	 -2.11879E-04	   -11.153303%
 -12	   1	 -3.25000E+01	  3.01055E+00	  3.26155E+01	  3.87834E+00	 -3.23196E-01	  3.44376E+00	 -2.87193E-01	   -11.204835%
 -12	   2	 -3.25000E+01	  6.03272E+00	  3.28814E+01	  3.87834E+00	 -6.46391E-01	  3.43780E+00	 -5.73182E-01	   -11.358063%
 -12	   3	 -3.25000E+01	  9.02159E+00	  3.33163E+01	  3.87834E+00	 -9.69587E-01	  3.42813E+00	 -8.57254E-01	   -11.606862%
 -12	   4	 -3.25000E+01	  1.19618E+01	  3.39072E+01	  3.87834E+00	 -1.29278E+00	  3.41517E+00	 -1.13862E+00	   -11.940740%
 -12	   5	 -3.25000E+01	  1.48395E+01	  3.46374E+01	  3.87834E+00	 -1.61598E+00	  3.39951E+00	 -1.41670E+00	   -12.344173%
 -12	   6	 -3.25000E+01	  1.76427E+01	  3.54882E+01	  3.87834E+00	 -1.93917E+00	  3.38202E+00	 -1.69125E+00	   -12.794850%
 -12	   7	 -3.25000E+01	  2.03613E+01	  3.64397E+01	  3.87834E+00	 -2.26237E+00	  3.36400E+00	 -1.96258E+00	   -13.259052%
 -12	   8	 -3.25000E+01	  2.29875E+01	  3.74724E+01	  3.87834E+00	 -2.58557E+00	  3.34772E+00	 -2.23207E+00	   -13.678500%
 -12	   9	 -3.25000E+01	  2.55154E+01	  3.85676E+01	  3.87834E+00	 -2.90876E+00	  3.33814E+00	 -2.50386E+00	   -13.925522%
 -12	  10	 -3.25000E+01	  2.79413E+01	  3.97084E+01	  3.87834E+00	 -3.23196E+00	  3.35192E+00	 -2.79350E+00	   -13.570499%
 -11	 -11	 -3.02841E+01	 -3.03053E+01	  3.96150E+01	  3.55514E+00	  3.55515E+00	  3.07048E+00	  3.07024E+00	   -13.636162%
 -11	 -10	 -3.02841E+01	 -2.79857E+01	  3.83389E+01	  3.55514E+00	  3.23196E+00	  3.06153E+00	  2.78296E+00	   -13.888046%
 -11	  -9	 -3.02841E+01	 -2.55618E+01	  3.70885E+01	  3.55514E+00	  2.90876E+00	  3.07440E+00	  2.51517E+00	   -13.525919%
 -11	  -8	 -3.02841E+01	 -2.30357E+01	  3.58806E+01	  3.55514E+00	  2.58557E+00	  3.09368E+00	  2.24970E+00	   -12.983528%
 -11	  -7	 -3.02841E+01	 -2.04113E+01	  3.47345E+01	  3.55514E+00	  2.26237E+00	  3.11480E+00	  1.98191E+00	   -12.389153%
 -11	  -6	 -3.02841E+01	 -1.76943E+01	  3.36717E+01	  3.55514E+00	  1.93917E+00	  3.13566E+00	  1.71013E+00	   -11.802172%
 -11	  -5	 -3.02841E+01	 -1.48927E+01	  3.27152E+01	  3.55514E+00	  1.61598E+00	  3.15498E+00	  1.43387E+00	   -11.258259%
 -11	  -4	 -3.02841E+01	 -1.20163E+01	  3.18890E+01	  3.55514E+00	  1.29278E+00	  3.17188E+00	  1.15321E+00	   -10.782418%
 -11	  -3	 -3.02841E+01	 -9.07711E+00	  3.12162E+01	  3.55514E+00	  9.69587E-01	  3.18569E+00	  8.68628E-01	   -10.393434%
 -11	  -2	 -3.02841E+01	 -6.08901E+00	  3.07178E+01	  3.55514E+00	  6.46391E-01	  3.19591E+00	  5.80884E-01	   -10.105443%
 -11	  -1	 -3.02841E+01	 -3.06731E+00	  3.04107E+01	  3.55514E+00	  3.23196E-01	  3.20219E+00	  2.90920E-01	    -9.928459%
 -11	   0	 -3.02841E+01	 -2.84622E-02	  3.03058E+01	  3.55514E+00	 -0.00000E+00	  3.20430E+00	 -1.86820E-04	    -9.868497%
 -11	   1	 -3.02841E+01	  3.01055E+00	  3.04069E+01	  3.55514E+00	 -3.23196E-01	  3.20219E+00	 -2.91296E-01	    -9.927585%
 -11	   2	 -3.02841E+01	  6.03272E+00	  3.07103E+01	  3.55514E+00	 -6.46391E-01	  3.19591E+00	 -5.81265E-01	   -10.103757%
 -11	   3	 -3.02841E+01	  9.02159E+00	  3.12052E+01	  3.55514E+00	 -9.69587E-01	  3.18568E+00	 -8.69018E-01	   -10.391055%
 -11	   4	 -3.02841E+01	  1.19618E+01	  3.18749E+01	  3.55514E+00	 -1.29278E+00	  3.17185E+00	 -1.15360E+00	   -10.779535%
 -11	   5	 -3.02841E+01	  1.48395E+01	  3.26985E+01	  3.55514E+00	 -1.61598E+00	  3.15493E+00	 -1.43427E+00	   -11.255136%
 -11	   6	 -3.02841E+01	  1.76427E+01	  3.36527E+01	  3.55514E+00	 -1.93917E+00	  3.13557E+00	 -1.71054E+00	   -11.799184%
 -11	   7	 -3.02841E+01	  2.03613E+01	  3.47138E+01	  3.55514E+00	 -2.26237E+00	  3.11467E+00	 -1.98230E+00	   -12.386846%
 -11	   8	 -3.02841E+01	  2.29875E+01	  3.58585E+01	  3.55514E+00	 -2.58557E+00	  3.09347E+00	 -2.25004E+00	   -12.982794%
 -11	   9	 -3.02841E+01	  2.55154E+01	  3.70654E+01	  3.55514E+00	 -2.90876E+00	  3.07407E+00	 -2.51540E+00	   -13.528456%
 -11	  10	 -3.02841E+01	  2.79413E+01	  3.83152E+01	  3.55514E+00	 -3.23196E+00	  3.06093E+00	 -2.78292E+00	   -13.897994%
 -11	  11	 -3.02841E+01	  3.02629E+01	  3.95910E+01	  3.55514E+00	 -3.55515E+00	  3.06903E+00	 -3.06926E+00	   -13.670378%
 -10	 -12	 -2.79635E+01	 -3.25202E+01	  3.97323E+01	  3.23195E+00	  3.87835E+00	  2.79474E+00	  3.35345E+00	   -13.531487%
 -10	 -11	 -2.79635E+01	 -3.03053E+01	  3.83400E+01	  3.23195E+00	  3.55515E+00	  2.78324E+00	  3.06131E+00	   -13.887563%
 -10	 -10	 -2.79635E+01	 -2.79857E+01	  3.69524E+01	  3.23195E+00	  3.23196E+00	  2.79671E+00	  2.79646E+00	   -13.470688%
 -10	  -9	 -2.79635E+01	 -2.55618E+01	  3.55846E+01	  3.23195E+00	  2.90876E+00	  2.81726E+00	  2.53530E+00	   -12.834601%
 -10	  -8	 -2.79635E+01	 -2.30357E+01	  3.42547E+01	  3.23195E+00	  2.58557E+00	  2.84015E+00	  2.27189E+00	   -12.126338%
 -10	  -7	 -2.79635E+01	 -2.04113E+01	  3.29845E+01	  3.23195E+00	  2.26237E+00	  2.86325E+00	  2.00406E+00	   -11.411288%
 -10	  -6	 -2.79635E+01	 -1.76943E+01	  3.17983E+01	  3.23195E+00	  1.93917E+00	  2.88530E+00	  1.73097E+00	   -10.728671%
 -10	  -5	 -2.79635E+01	 -1.48927E+01	  3.07235E+01	  3.23195E+00	  1.61598E+00	  2.90538E+00	  1.45250E+00	   -10.106746%
 -10	  -4	 -2.79635E+01	 -1.20163E+01	  2.97889E+01	  3.23195E+00	  1.29278E+00	  2.92279E+00	  1.16893E+00	    -9.567768%
 -10	  -3	 -2.79635E+01	 -9.07711E+00	  2.90234E+01	  3.23195E+00	  9.69587E-01	  2.93693E+00	  8.80907E-01	    -9.129636%
 -10	  -2	 -2.79635E+01	 -6.08901E+00	  2.84535E+01	  3.23195E+00	  6.46391E-01	  2.94736E+00	  5.89307E-01	    -8.806354%
 -10	  -1	 -2.79635E+01	 -3.06731E+00	  2.81010E+01	  3.23195E+00	  3.23196E-01	  2.95376E+00	  2.95214E-01	    -8.608058%
 -10	   0	 -2.79635E+01	 -2.84622E-02	  2.79804E+01	  3.23195E+00	 -0.00000E+00	  2.95591E+00	 -1.60700E-04	    -8.540904%
 -10	   1	 -2.79635E+01	  3.01055E+00	  2.80966E+01	  3.23195E+00	 -3.23196E-01	  2.95376E+00	 -2.95538E-01	    -8.606980%
 -10	   2	 -2.79635E+01	  6.03272E+00	  2.84448E+01	  3.23195E+00	 -6.46391E-01	  2.94737E+00	 -5.89639E-01	    -8.804257%
 -10	   3	 -2.79635E+01	  9.02159E+00	  2.90108E+01	  3.23195E+00	 -9.69587E-01	  2.93693E+00	 -8.81252E-01	    -9.126635%
 -10	   4	 -2.79635E+01	  1.19618E+01	  2.97729E+01	  3.23195E+00	 -1.29278E+00	  2.92278E+00	 -1.16929E+00	    -9.564039%
 -10	   5	 -2.79635E+01	  1.48395E+01	  3.07046E+01	  3.23195E+00	 -1.61598E+00	  2.90536E+00	 -1.45287E+00	   -10.102530%
 -10	   6	 -2.79635E+01	  1.76427E+01	  3.17771E+01	  3.23195E+00	 -1.93917E+00	  2.88526E+00	 -1.73136E+00	   -10.724283%
 -10	   7	 -2.79635E+01	  2.03613E+01	  3.29614E+01	  3.23195E+00	 -2.26237E+00	  2.86318E+00	 -2.00444E+00	   -11.407150%
 -10	   8	 -2.79635E+01	  2.29875E+01	  3.42304E+01	  3.23195E+00	 -2.58557E+00	  2.84003E+00	 -2.27225E+00	   -12.123054%
 -10	   9	 -2.79635E+01	  2.55154E+01	  3.55593E+01	  3.23195E+00	 -2.90876E+00	  2.81707E+00	 -2.53561E+00	   -12.833149%
 -10	  10	 -2.79635E+01	  2.79413E+01	  3.69266E+01	  3.23195E+00	 -3.23196E+00	  2.79639E+00	 -2.79664E+00	   -13.472982%
 -10	  11	 -2.79635E+01	  3.02629E+01	  3.83140E+01	  3.23195E+00	 -3.55515E+00	  2.78263E+00	 -3.06115E+00	   -13.898505%
 -10	  12	 -2.79635E+01	  3.24798E+01	  3.97063E+01	  3.23195E+00	 -3.87835E+00	  2.79313E+00	 -3.35199E+00	   -13.574032%
  -9	 -12	 -2.55386E+01	 -3.25202E+01	  3.85921E+01	  2.90875E+00	  3.87835E+00	  2.50419E+00	  3.33867E+00	   -13.912690%
  -9	 -11	 -2.55386E+01	 -3.03053E+01	  3.70910E+01	  2.90875E+00	  3.55515E+00	  2.51545E+00	  3.07419E+00	   -13.525673%
  -9	 -10	 -2.55386E+01	 -2.79857E+01	  3.55860E+01	  2.90875E+00	  3.23196E+00	  2.53555E+00	  2.81703E+00	   -12.834702%
  -9	  -9	 -2.55386E+01	 -2.55618E+01	  3.40927E+01	  2.90875E+00	  2.90876E+00	  2.55878E+00	  2.55855E+00	   -12.035925%
  -9	  -8	 -2.55386E+01	 -2.30357E+01	  3.26306E+01	  2.90875E+00	  2.58557E+00	  2.58286E+00	  2.29566E+00	   -11.207789%
  -9	  -7	 -2.55386E+01	 -2.04113E+01	  3.12235E+01	  2.90875E+00	  2.26237E+00	  2.60648E+00	  2.02707E+00	   -10.395088%
  -9	  -6	 -2.55386E+01	 -1.76943E+01	  2.98991E+01	  2.90875E+00	  1.93917E+00	  2.62873E+00	  1.75230E+00	    -9.629902%
  -9	  -5	 -2.55386E+01	 -1.48927E+01	  2.86893E+01	  2.90875E+00	  1.61598E+00	  2.64884E+00	  1.47141E+00	    -8.938071%
  -9	  -4	 -2.55386E+01	 -1.20163E+01	  2.76289E+01	  2.90875E+00	  1.29278E+00	  2.66619E+00	  1.18481E+00	    -8.341272%
  -9	  -3	 -2.55386E+01	 -9.07711E+00	  2.67539E+01	  2.90875E+00	  9.69587E-01	  2.68024E+00	  8.93267E-01	    -7.857551%
  -9	  -2	 -2.55386E+01	 -6.08901E+00	  2.60984E+01	  2.90875E+00	  6.46391E-01	  2.69059E+00	  5.97769E-01	    -7.501289%
  -9	  -1	 -2.55386E+01	 -3.06731E+00	  2.56911E+01	  2.90875E+00	  3.23196E-01	  2.69692E+00	  2.99522E-01	    -7.282994%
  -9	   0	 -2.55386E+01	 -2.84622E-02	  2.55513E+01	  2.90875E+00	 -0.00000E+00	  2.69906E+00	 -1.34501E-04	    -7.209084%
  -9	   1	 -2.55386E+01	  3.01055E+00	  2.56860E+01	  2.90875E+00	 -3.23196E-01	  2.69693E+00	 -2.99795E-01	    -7.281735%
  -9	   2	 -2.55386E+01	  6.03272E+00	  2.60884E+01	  2.90875E+00	 -6.46391E-01	  2.69060E+00	 -5.98052E-01	    -7.498828%
  -9	   3	 -2.55386E+01	  9.02159E+00	  2.67395E+01	  2.90875E+00	 -9.69587E-01	  2.68026E+00	 -8.93566E-01	    -7.854003%
  -9	   4	 -2.55386E+01	  1.19618E+01	  2.76107E+01	  2.90875E+00	 -1.29278E+00	  2.66620E+00	 -1.18513E+00	    -8.336809%
  -9	   5	 -2.55386E+01	  1.48395E+01	  2.86680E+01	  2.90875E+00	 -1.61598E+00	  2.64885E+00	 -1.47175E+00	    -8.932925%
  -9	   6	 -2.55386E+01	  1.76427E+01	  2.98753E+01	  2.90875E+00	 -1.93917E+00	  2.62872E+00	 -1.75266E+00	    -9.624368%
  -9	   7	 -2.55386E+01	  2.03613E+01	  3.11979E+01	  2.90875E+00	 -2.26237E+00	  2.60645E+00	 -2.02744E+00	   -10.389538%
  -9	   8	 -2.55386E+01	  2.29875E+01	  3.26037E+01	  2.90875E+00	 -2.58557E+00	  2.58279E+00	 -2.29603E+00	   -11.202705%
  -9	   9	 -2.55386E+01	  2.55154E+01	  3.40650E+01	  2.90875E+00	 -2.90876E+00	  2.55866E+00	 -2.55889E+00	   -12.031999%
  -9	  10	 -2.55386E+01	  2.79413E+01	  3.55579E+01	  2.90875E+00	 -3.23196E+00	  2.53535E+00	 -2.81730E+00	   -12.833090%
  -9	  11	 -2.55386E+01	  3.02629E+01	  3.70629E+01	  2.90875E+00	 -3.55515E+00	  2.51511E+00	 -3.07428E+00	   -13.528774%
  -9	  12	 -2.55386E+01	  3.24798E+01	  3.85641E+01	  2.90875E+00	 -3.87835E+00	  2.50352E+00	 -3.33828E+00	   -13.927399%
  -8	 -12	 -2.30116E+01	 -3.25202E+01	  3.74973E+01	  2.58556E+00	  3.87835E+00	  2.23213E+00	  3.34794E+00	   -13.673974%
  -8	 -11	 -2.30116E+01	 -3.03053E+01	  3.58847E+01	  2.58556E+00	  3.55515E+00	  2.24998E+00	  3.09347E+00	   -12.983727%
  -8	 -10	 -2.30116E+01	 -2.79857E+01	  3.42578E+01	  2.58556E+00	  3.23196E+00	  2.27213E+00	  2.83993E+00	   -12.126795%
  -8	  -9	 -2.30116E+01	 -2.55618E+01	  3.26323E+01	  2.58556E+00	  2.90876E+00	  2.29587E+00	  2.58265E+00	   -11.208132%
  -8	  -8	 -2.30116E+01	 -2.30357E+01	  3.10286E+01	  2.58556E+00	  2.58557E+00	  2.31982E+00	  2.31963E+00	   -10.281536%
  -8	  -7	 -2.30116E+01	 -2.04113E+01	  2.94721E+01	  2.58556E+00	  2.26237E+00	  2.34303E+00	  2.04997E+00	    -9.383744%
  -8	  -6	 -2.30116E+01	 -1.76943E+01	  2.79937E+01	  2.58556E+00	  1.93917E+00	  2.36472E+00	  1.77338E+00	    -8.544249%
  -8	  -5	 -2.30116E+01	 -1.48927E+01	  2.66302E+01	  2.58556E+00	  1.61598E+00	  2.38425E+00	  1.49001E+00	    -7.788365%
  -8	  -4	 -2.30116E+01	 -1.20163E+01	  2.54234E+01	  2.58556E+00	  1.29278E+00	  2.40105E+00	  1.20039E+00	    -7.138050%
  -8	  -3	 -2.30116E+01	 -9.07711E+00	  2.44181E+01	  2.58556E+00	  9.69587E-01	  2.41465E+00	  9.05369E-01	    -6.611893%
  -8	  -2	 -2.30116E+01	 -6.08901E+00	  2.36589E+01	  2.58556E+00	  6.46391E-01	  2.42464E+00	  6.06045E-01	    -6.224837%
  -8	  -1	 -2.30116E+01	 -3.06731E+00	  2.31843E+01	  2.58556E+00	  3.23196E-01	  2.43075E+00	  3.03734E-01	    -5.987843%
  -8	   0	 -2.30116E+01	 -2.84622E-02	  2.30208E+01	  2.58556E+00	 -0.00000E+00	  2.43281E+00	 -1.09044E-04	    -5.907615%
  -8	   1	 -2.30116E+01	  3.01055E+00	  2.31783E+01	  2.58556E+00	 -3.23196E-01	  2.43076E+00	 -3.03956E-01	    -5.986424%
  -8	   2	 -2.30116E+01	  6.03272E+00	  2.36473E+01	  2.58556E+00	 -6.46391E-01	  2.42466E+00	 -6.06280E-01	    -6.222055%
  -8	   3	 -2.30116E+01	  9.02159E+00	  2.44015E+01	  2.58556E+00	 -9.69587E-01	  2.41467E+00	 -9.05624E-01	    -6.607861%
  -8	   4	 -2.30116E+01	  1.19618E+01	  2.54026E+01	  2.58556E+00	 -1.29278E+00	  2.40108E+00	 -1.20067E+00	    -7.132938%
  -8	   5	 -2.30116E+01	  1.48395E+01	  2.66060E+01	  2.58556E+00	 -1.61598E+00	  2.38428E+00	 -1.49032E+00	    -7.782404%
  -8	   6	 -2.30116E+01	  1.76427E+01	  2.79670E+01	  2.58556E+00	 -1.93917E+00	  2.36474E+00	 -1.77371E+00	    -8.537727%
  -8	   7	 -2.30116E+01	  2.03613E+01	  2.94436E+01	  2.58556E+00	 -2.26237E+00	  2.34303E+00	 -2.05032E+00	    -9.377015%
  -8	   8	 -2.30116E+01	  2.29875E+01	  3.09990E+01	  2.58556E+00	 -2.58557E+00	  2.31980E+00	 -2.31999E+00	   -10.275031%
  -8	   9	 -2.30116E+01	  2.55154E+01	  3.26020E+01	  2.58556E+00	 -2.90876E+00	  2.29581E+00	 -2.58300E+00	   -11.202413%
  -8	  10	 -2.30116E+01	  2.79413E+01	  3.42273E+01	  2.58556E+00	 -3.23196E+00	  2.27201E+00	 -2.84024E+00	   -12.122689%
  -8	  11	 -2.30116E+01	  3.02629E+01	  3.58544E+01	  2.58556E+00	 -3.55515E+00	  2.24977E+00	 -3.09368E+00	   -12.982718%
  -8	  12	 -2.30116E+01	  3.24798E+01	  3.74674E+01	  2.58556E+00	 -3.87835E+00	  2.23175E+00	 -3.34789E+00	   -13.679486%
  -7	 -12	 -2.03863E+01	 -3.25202E+01	  3.64650E+01	  2.26236E+00	  3.87835E+00	  1.96252E+00	  3.36407E+00	   -13.258525%
  -7	 -11	 -2.03863E+01	 -3.03053E+01	  3.47404E+01	  2.26236E+00	  3.55515E+00	  1.98217E+00	  3.11460E+00	   -12.389899%
  -7	 -10	 -2.03863E+01	 -2.79857E+01	  3.29894E+01	  2.26236E+00	  3.23196E+00	  2.00428E+00	  2.86304E+00	   -11.412249%
  -7	  -9	 -2.03863E+01	 -2.55618E+01	  3.12272E+01	  2.26236E+00	  2.90876E+00	  2.02727E+00	  2.60629E+00	   -10.395936%
  -7	  -8	 -2.03863E+01	 -2.30357E+01	  2.94741E+01	  2.26236E+00	  2.58557E+00	  2.05015E+00	  2.34285E+00	    -9.384255%
  -7	  -7	 -2.03863E+01	 -2.04113E+01	  2.77567E+01	  2.26236E+00	  2.26237E+00	  2.07217E+00	  2.07201E+00	    -8.410636%
  -7	  -6	 -2.03863E+01	 -1.76943E+01	  2.61084E+01	  2.26236E+00	  1.93917E+00	  2.09267E+00	  1.79358E+00	    -7.503838%
  -7	  -5	 -2.03863E+01	 -1.48927E+01	  2.45707E+01	  2.26236E+00	  1.61598E+00	  2.11109E+00	  1.50779E+00	    -6.689443%
  -7	  -4	 -2.03863E+01	 -1.20163E+01	  2.31932E+01	  2.26236E+00	  1.29278E+00	  2.12690E+00	  1.21526E+00	    -5.990027%
  -7	  -3	 -2.03863E+01	 -9.07711E+00	  2.20319E+01	  2.26236E+00	  9.69587E-01	  2.13967E+00	  9.16902E-01	    -5.424862%
  -7	  -2	 -2.03863E+01	 -6.08901E+00	  2.11452E+01	  2.26236E+00	  6.46391E-01	  2.14906E+00	  6.13924E-01	    -5.009484%
  -7	  -1	 -2.03863E+01	 -3.06731E+00	  2.05861E+01	  2.26236E+00	  3.23196E-01	  2.15479E+00	  3.07741E-01	    -4.755293%
  -7	   0	 -2.03863E+01	 -2.84622E-02	  2.03927E+01	  2.26236E+00	 -0.00000E+00	  2.15673E+00	 -8.50893E-05	    -4.669257%
  -7	   1	 -2.03863E+01	  3.01055E+00	  2.05790E+01	  2.26236E+00	 -3.23196E-01	  2.15481E+00	 -3.07916E-01	    -4.753736%
  -7	   2	 -2.03863E+01	  6.03272E+00	  2.11316E+01	  2.26236E+00	 -6.46391E-01	  2.14908E+00	 -6.14114E-01	    -5.006425%
  -7	   3	 -2.03863E+01	  9.02159E+00	  2.20127E+01	  2.26236E+00	 -9.69587E-01	  2.13970E+00	 -9.17114E-01	    -5.420411%
  -7	   4	 -2.03863E+01	  1.19618E+01	  2.31693E+01	  2.26236E+00	 -1.29278E+00	  2.12693E+00	 -1.21550E+00	    -5.984351%
  -7	   5	 -2.03863E+01	  1.48395E+01	  2.45433E+01	  2.26236E+00	 -1.61598E+00	  2.11112E+00	 -1.50807E+00	    -6.682770%
  -7	   6	 -2.03863E+01	  1.76427E+01	  2.60784E+01	  2.26236E+00	 -1.93917E+00	  2.09270E+00	 -1.79388E+00	    -7.496456%
  -7	   7	 -2.03863E+01	  2.03613E+01	  2.77251E+01	  2.26236E+00	 -2.26237E+00	  2.07218E+00	 -2.07234E+00	    -8.402893%
  -7	   8	 -2.03863E+01	  2.29875E+01	  2.94416E+01	  2.26236E+00	 -2.58557E+00	  2.05015E+00	 -2.34320E+00	    -9.376564%
  -7	   9	 -2.03863E+01	  2.55154E+01	  3.11942E+01	  2.26236E+00	 -2.90876E+00	  2.02724E+00	 -2.60665E+00	   -10.388800%
  -7	  10	 -2.03863E+01	  2.79413E+01	  3.29565E+01	  2.26236E+00	 -3.23196E+00	  2.00421E+00	 -2.86338E+00	   -11.406338%
  -7	  11	 -2.03863E+01	  3.02629E+01	  3.47079E+01	  2.26236E+00	 -3.55515E+00	  1.98204E+00	 -3.11487E+00	   -12.386275%
  -7	  12	 -2.03863E+01	  3.24798E+01	  3.64330E+01	  2.26236E+00	 -3.87835E+00	  1.96229E+00	 -3.36417E+00	   -13.259311%
  -6	 -12	 -1.76685E+01	 -3.25202E+01	  3.55136E+01	  1.93917E+00	  3.87835E+00	  1.69112E+00	  3.38200E+00	   -12.796572%
  -6	 -11	 -1.76685E+01	 -3.03053E+01	  3.36796E+01	  1.93917E+00	  3.55515E+00	  1.71038E+00	  3.13547E+00	   -11.803533%
  -6	 -10	 -1.76685E+01	 -2.79857E+01	  3.18054E+01	  1.93917E+00	  3.23196E+00	  1.73118E+00	  2.88510E+00	   -10.730237%
  -6	  -9	 -1.76685E+01	 -2.55618E+01	  2.99051E+01	  1.93917E+00	  2.90876E+00	  1.75249E+00	  2.62855E+00	    -9.631373%
  -6	  -8	 -1.76685E+01	 -2.30357E+01	  2.79981E+01	  1.93917E+00	  2.58557E+00	  1.77354E+00	  2.36456E+00	    -8.545400%
  -6	  -7	 -1.76685E+01	 -2.04113E+01	  2.61109E+01	  1.93917E+00	  2.26237E+00	  1.79372E+00	  2.09253E+00	    -7.504489%
  -6	  -6	 -1.76685E+01	 -1.76943E+01	  2.42781E+01	  1.93917E+00	  1.93917E+00	  1.81246E+00	  1.81234E+00	    -6.537482%
  -6	  -5	 -1.76685E+01	 -1.48927E+01	  2.25451E+01	  1.93917E+00	  1.61598E+00	  1.82926E+00	  1.52428E+00	    -5.670550%
  -6	  -4	 -1.76685E+01	 -1.20163E+01	  2.09691E+01	  1.93917E+00	  1.29278E+00	  1.84367E+00	  1.22902E+00	    -4.927001%
  -6	  -3	 -1.76685E+01	 -9.07711E+00	  1.96195E+01	  1.93917E+00	  9.69587E-01	  1.85530E+00	  9.27570E-01	    -4.326787%
  -6	  -2	 -1.76685E+01	 -6.08901E+00	  1.85732E+01	  1.93917E+00	  6.46391E-01	  1.86383E+00	  6.21208E-01	    -3.885987%
  -6	  -1	 -1.76685E+01	 -3.06731E+00	  1.79053E+01	  1.93917E+00	  3.23196E-01	  1.86905E+00	  3.11444E-01	    -3.616379%
  -6	   0	 -1.76685E+01	 -2.84622E-02	  1.76726E+01	  1.93917E+00	 -0.00000E+00	  1.87081E+00	 -6.33237E-05	    -3.525144%
  -6	   1	 -1.76685E+01	  3.01055E+00	  1.78968E+01	  1.93917E+00	 -3.23196E-01	  1.86906E+00	 -3.11576E-01	    -3.614709%
  -6	   2	 -1.76685E+01	  6.03272E+00	  1.85570E+01	  1.93917E+00	 -6.46391E-01	  1.86386E+00	 -6.21356E-01	    -3.882698%
  -6	   3	 -1.76685E+01	  9.02159E+00	  1.95968E+01	  1.93917E+00	 -9.69587E-01	  1.85533E+00	 -9.27743E-01	    -4.321984%
  -6	   4	 -1.76685E+01	  1.19618E+01	  2.09416E+01	  1.93917E+00	 -1.29278E+00	  1.84371E+00	 -1.22923E+00	    -4.920846%
  -6	   5	 -1.76685E+01	  1.48395E+01	  2.25139E+01	  1.93917E+00	 -1.61598E+00	  1.82930E+00	 -1.52452E+00	    -5.663269%
  -6	   6	 -1.76685E+01	  1.76427E+01	  2.42446E+01	  1.93917E+00	 -1.93917E+00	  1.81250E+00	 -1.81262E+00	    -6.529361%
  -6	   7	 -1.76685E+01	  2.03613E+01	  2.60759E+01	  1.93917E+00	 -2.26237E+00	  1.79374E+00	 -2.09284E+00	    -7.495877%
  -6	   8	 -1.76685E+01	  2.29875E+01	  2.79625E+01	  1.93917E+00	 -2.58557E+00	  1.77355E+00	 -2.36490E+00	    -8.536705%
  -6	   9	 -1.76685E+01	  2.55154E+01	  2.98694E+01	  1.93917E+00	 -2.90876E+00	  1.75248E+00	 -2.62890E+00	    -9.623072%
  -6	  10	 -1.76685E+01	  2.79413E+01	  3.17700E+01	  1.93917E+00	 -3.23196E+00	  1.73115E+00	 -2.88545E+00	   -10.722924%
  -6	  11	 -1.76685E+01	  3.02629E+01	  3.36448E+01	  1.93917E+00	 -3.55515E+00	  1.71029E+00	 -3.13576E+00	   -11.798054%
  -6	  12	 -1.76685E+01	  3.24798E+01	  3.54797E+01	  1.93917E+00	 -3.87835E+00	  1.69097E+00	 -3.38218E+00	   -12.794437%
  -5	 -12	 -1.48661E+01	 -3.25202E+01	  3.46627E+01	  1.61597E+00	  3.87835E+00	  1.41653E+00	  3.39944E+00	   -12.347239%
  -5	 -11	 -1.48661E+01	 -3.03053E+01	  3.27252E+01	  1.61597E+00	  3.55515E+00	  1.43409E+00	  3.15479E+00	   -11.260275%
  -5	 -10	 -1.48661E+01	 -2.79857E+01	  3.07329E+01	  1.61597E+00	  3.23196E+00	  1.45270E+00	  2.90520E+00	   -10.108989%
  -5	  -9	 -1.48661E+01	 -2.55618E+01	  2.86978E+01	  1.61597E+00	  2.90876E+00	  1.47158E+00	  2.64867E+00	    -8.940251%
  -5	  -8	 -1.48661E+01	 -2.30357E+01	  2.66374E+01	  1.61597E+00	  2.58557E+00	  1.49015E+00	  2.38410E+00	    -7.790256%
  -5	  -7	 -1.48661E+01	 -2.04113E+01	  2.45762E+01	  1.61597E+00	  2.26237E+00	  1.50791E+00	  2.11095E+00	    -6.690855%
  -5	  -6	 -1.48661E+01	 -1.76943E+01	  2.25482E+01	  1.61597E+00	  1.93917E+00	  1.52438E+00	  1.82915E+00	    -5.671322%
  -5	  -5	 -1.48661E+01	 -1.48927E+01	  2.06002E+01	  1.61597E+00	  1.61598E+00	  1.53912E+00	  1.53904E+00	    -4.758523%
  -5	  -4	 -1.48661E+01	 -1.20163E+01	  1.87957E+01	  1.61597E+00	  1.29278E+00	  1.55175E+00	  1.24133E+00	    -3.976482%
  -5	  -3	 -1.48661E+01	 -9.07711E+00	  1.72176E+01	  1.61597E+00	  9.69587E-01	  1.56194E+00	  9.37101E-01	    -3.345761%
  -5	  -2	 -1.48661E+01	 -6.08901E+00	  1.59677E+01	  1.61597E+00	  6.46391E-01	  1.56941E+00	  6.27711E-01	    -2.882885%
  -5	  -1	 -1.48661E+01	 -3.06731E+00	  1.51549E+01	  1.61597E+00	  3.23196E-01	  1.57397E+00	  3.14748E-01	    -2.599915%
  -5	   0	 -1.48661E+01	 -2.84622E-02	  1.48686E+01	  1.61597E+00	 -0.00000E+00	  1.57551E+00	 -4.43103E-05	    -2.504181%
  -5	   1	 -1.48661E+01	  3.01055E+00	  1.51445E+01	  1.61597E+00	 -3.23196E-01	  1.57398E+00	 -3.14842E-01	    -2.598156%
  -5	   2	 -1.48661E+01	  6.03272E+00	  1.59482E+01	  1.61597E+00	 -6.46391E-01	  1.56943E+00	 -6.27822E-01	    -2.879414%
  -5	   3	 -1.48661E+01	  9.02159E+00	  1.71909E+01	  1.61597E+00	 -9.69587E-01	  1.56196E+00	 -9.37239E-01	    -3.340676%
  -5	   4	 -1.48661E+01	  1.19618E+01	  1.87638E+01	  1.61597E+00	 -1.29278E+00	  1.55179E+00	 -1.24150E+00	    -3.969939%
  -5	   5	 -1.48661E+01	  1.48395E+01	  2.05649E+01	  1.61597E+00	 -1.61598E+00	  1.53916E+00	 -1.53925E+00	    -4.750740%
  -5	   6	 -1.48661E+01	  1.76427E+01	  2.25108E+01	  1.61597E+00	 -1.93917E+00	  1.52442E+00	 -1.82941E+00	    -5.662585%
  -5	   7	 -1.48661E+01	  2.03613E+01	  2.45378E+01	  1.61597E+00	 -2.26237E+00	  1.50795E+00	 -2.11125E+00	    -6.681513%
  -5	   8	 -1.48661E+01	  2.29875E+01	  2.65988E+01	  1.61597E+00	 -2.58557E+00	  1.49018E+00	 -2.38443E+00	    -7.780718%
  -5	   9	 -1.48661E+01	  2.55154E+01	  2.86595E+01	  1.61597E+00	 -2.90876E+00	  1.47158E+00	 -2.64902E+00	    -8.930988%
  -5	  10	 -1.48661E+01	  2.79413E+01	  3.06952E+01	  1.61597E+00	 -3.23196E+00	  1.45268E+00	 -2.90555E+00	   -10.100556%
  -5	  11	 -1.48661E+01	  3.02629E+01	  3.26884E+01	  1.61597E+00	 -3.55515E+00	  1.43404E+00	 -3.15511E+00	   -11.253406%
  -5	  12	 -1.48661E+01	  3.24798E+01	  3.46270E+01	  1.61597E+00	 -3.87835E+00	  1.41643E+00	 -3.39967E+00	   -12.343117%
  -4	 -12	 -1.19890E+01	 -3.25202E+01	  3.39321E+01	  1.29278E+00	  3.87835E+00	  1.13843E+00	  3.41507E+00	   -11.944601%
  -4	 -11	 -1.19890E+01	 -3.03053E+01	  3.19013E+01	  1.29278E+00	  3.55515E+00	  1.15342E+00	  3.17170E+00	   -10.785110%
  -4	 -10	 -1.19890E+01	 -2.79857E+01	  2.98009E+01	  1.29278E+00	  3.23196E+00	  1.16912E+00	  2.92261E+00	    -9.570728%
  -4	  -9	 -1.19890E+01	 -2.55618E+01	  2.76403E+01	  1.29278E+00	  2.90876E+00	  1.18497E+00	  2.66602E+00	    -8.344217%
  -4	  -8	 -1.19890E+01	 -2.30357E+01	  2.54338E+01	  1.29278E+00	  2.58557E+00	  1.20052E+00	  2.40091E+00	    -7.140747%
  -4	  -7	 -1.19890E+01	 -2.04113E+01	  2.32022E+01	  1.29278E+00	  2.26237E+00	  1.21536E+00	  2.12677E+00	    -5.992278%
  -4	  -6	 -1.19890E+01	 -1.76943E+01	  2.09760E+01	  1.29278E+00	  1.93917E+00	  1.22911E+00	  1.84357E+00	    -4.928633%
  -4	  -5	 -1.19890E+01	 -1.48927E+01	  1.87997E+01	  1.29278E+00	  1.61598E+00	  1.24140E+00	  1.55168E+00	    -3.977354%
  -4	  -4	 -1.19890E+01	 -1.20163E+01	  1.67379E+01	  1.29278E+00	  1.29278E+00	  1.25192E+00	  1.25186E+00	    -3.163098%
  -4	  -3	 -1.19890E+01	 -9.07711E+00	  1.48845E+01	  1.29278E+00	  9.69587E-01	  1.26039E+00	  9.45250E-01	    -2.506921%
  -4	  -2	 -1.19890E+01	 -6.08901E+00	  1.33698E+01	  1.29278E+00	  6.46391E-01	  1.26661E+00	  6.33268E-01	    -2.025680%
  -4	  -1	 -1.19890E+01	 -3.06731E+00	  1.23549E+01	  1.29278E+00	  3.23196E-01	  1.27040E+00	  3.17570E-01	    -1.731620%
  -4	   0	 -1.19890E+01	 -2.84622E-02	  1.19903E+01	  1.29278E+00	 -0.00000E+00	  1.27168E+00	 -2.84587E-05	    -1.632160%
  -4	   1	 -1.19890E+01	  3.01055E+00	  1.23417E+01	  1.29278E+00	 -3.23196E-01	  1.27041E+00	 -3.17633E-01	    -1.729795%
  -4	   2	 -1.19890E+01	  6.03272E+00	  1.33457E+01	  1.29278E+00	 -6.46391E-01	  1.26662E+00	 -6.33348E-01	    -2.022072%
  -4	   3	 -1.19890E+01	  9.02159E+00	  1.48526E+01	  1.29278E+00	 -9.69587E-01	  1.26042E+00	 -9.45358E-01	    -2.501621%
  -4	   4	 -1.19890E+01	  1.19618E+01	  1.67010E+01	  1.29278E+00	 -1.29278E+00	  1.25195E+00	 -1.25201E+00	    -3.156252%
  -4	   5	 -1.19890E+01	  1.48395E+01	  1.87598E+01	  1.29278E+00	 -1.61598E+00	  1.24143E+00	 -1.55186E+00	    -3.969175%
  -4	   6	 -1.19890E+01	  1.76427E+01	  2.09347E+01	  1.29278E+00	 -1.93917E+00	  1.22914E+00	 -1.84380E+00	    -4.919401%
  -4	   7	 -1.19890E+01	  2.03613E+01	  2.31603E+01	  1.29278E+00	 -2.26237E+00	  1.21540E+00	 -2.12705E+00	    -5.982345%
  -4	   8	 -1.19890E+01	  2.29875E+01	  2.53921E+01	  1.29278E+00	 -2.58557E+00	  1.20055E+00	 -2.40123E+00	    -7.130525%
  -4	   9	 -1.19890E+01	  2.55154E+01	  2.75994E+01	  1.29278E+00	 -2.90876E+00	  1.18498E+00	 -2.66636E+00	    -8.334176%
  -4	  10	 -1.19890E+01	  2.79413E+01	  2.97609E+01	  1.29278E+00	 -3.23196E+00	  1.16911E+00	 -2.92296E+00	    -9.561407%
  -4	  11	 -1.19890E+01	  3.02629E+01	  3.18626E+01	  1.29278E+00	 -3.55515E+00	  1.15339E+00	 -3.17203E+00	   -10.777180%
  -4	  12	 -1.19890E+01	  3.24798E+01	  3.38948E+01	  1.29278E+00	 -3.87835E+00	  1.13837E+00	 -3.41533E+00	   -11.939065%
  -3	 -12	 -9.04935E+00	 -3.25202E+01	  3.33405E+01	  9.69585E-01	  3.87835E+00	  8.57059E-01	  3.42801E+00	   -11.611142%
  -3	 -11	 -9.04935E+00	 -3.03053E+01	  3.12308E+01	  9.69585E-01	  3.55515E+00	  8.68831E-01	  3.18552E+00	   -10.396798%
  -3	 -10	 -9.04935E+00	 -2.79857E+01	  2.90380E+01	  9.69585E-01	  3.23196E+00	  8.81079E-01	  2.93676E+00	    -9.133327%
  -3	  -9	 -9.04935E+00	 -2.55618E+01	  2.67683E+01	  9.69585E-01	  2.90876E+00	  8.93409E-01	  2.68008E+00	    -7.861286%
  -3	  -8	 -9.04935E+00	 -2.30357E+01	  2.44320E+01	  9.69585E-01	  2.58557E+00	  9.05485E-01	  2.41450E+00	    -6.615433%
  -3	  -7	 -9.04935E+00	 -2.04113E+01	  2.20448E+01	  9.69585E-01	  2.26237E+00	  9.16994E-01	  2.13955E+00	    -5.427997%
  -3	  -6	 -9.04935E+00	 -1.76943E+01	  1.96308E+01	  9.69585E-01	  1.93917E+00	  9.27641E-01	  1.85520E+00	    -4.329335%
  -3	  -5	 -9.04935E+00	 -1.48927E+01	  1.72265E+01	  9.69585E-01	  1.61598E+00	  9.37155E-01	  1.56187E+00	    -3.347573%
  -3	  -4	 -9.04935E+00	 -1.20163E+01	  1.48898E+01	  9.69585E-01	  1.29278E+00	  9.45291E-01	  1.26034E+00	    -2.507874%
  -3	  -3	 -9.04935E+00	 -9.07711E+00	  1.27141E+01	  9.69585E-01	  9.69587E-01	  9.51842E-01	  9.51810E-01	    -1.831668%
  -3	  -2	 -9.04935E+00	 -6.08901E+00	  1.08524E+01	  9.69585E-01	  6.46391E-01	  9.56642E-01	  6.37738E-01	    -1.336024%
  -3	  -1	 -9.04935E+00	 -3.06731E+00	  9.53953E+00	  9.69585E-01	  3.23196E-01	  9.59572E-01	  3.19839E-01	    -1.033287%
  -3	   0	 -9.04935E+00	 -2.84622E-02	  9.04994E+00	  9.69585E-01	 -0.00000E+00	  9.60559E-01	 -1.60206E-05	    -0.930914%
  -3	   1	 -9.04935E+00	  3.01055E+00	  9.52202E+00	  9.69585E-01	 -3.23196E-01	  9.59579E-01	 -3.19877E-01	    -1.031416%
  -3	   2	 -9.04935E+00	  6.03272E+00	  1.08220E+01	  9.69585E-01	 -6.46391E-01	  9.56657E-01	 -6.37794E-01	    -1.332320%
  -3	   3	 -9.04935E+00	  9.02159E+00	  1.26757E+01	  9.69585E-01	 -9.69587E-01	  9.51863E-01	 -9.51895E-01	    -1.826213%
  -3	   4	 -9.04935E+00	  1.19618E+01	  1.48473E+01	  9.69585E-01	 -1.29278E+00	  9.45317E-01	 -1.26047E+00	    -2.500807%
  -3	   5	 -9.04935E+00	  1.48395E+01	  1.71820E+01	  9.69585E-01	 -1.61598E+00	  9.37185E-01	 -1.56203E+00	    -3.339098%
  -3	   6	 -9.04935E+00	  1.76427E+01	  1.95855E+01	  9.69585E-01	 -1.93917E+00	  9.27672E-01	 -1.85542E+00	    -4.319729%
  -3	   7	 -9.04935E+00	  2.03613E+01	  2.19998E+01	  9.69585E-01	 -2.26237E+00	  9.17022E-01	 -2.13982E+00	    -5.417610%
  -3	   8	 -9.04935E+00	  2.29875E+01	  2.43877E+01	  9.69585E-01	 -2.58557E+00	  9.05508E-01	 -2.41481E+00	    -6.604681%
  -3	   9	 -9.04935E+00	  2.55154E+01	  2.67251E+01	  9.69585E-01	 -2.90876E+00	  8.93424E-01	 -2.68042E+00	    -7.850642%
  -3	  10	 -9.04935E+00	  2.79413E+01	  2.89962E+01	  9.69585E-01	 -3.23196E+00	  8.81081E-01	 -2.93711E+00	    -9.123325%
  -3	  11	 -9.04935E+00	  3.02629E+01	  3.11905E+01	  9.69585E-01	 -3.55515E+00	  8.68815E-01	 -3.18585E+00	   -10.388076%
  -3	  12	 -9.04935E+00	  3.24798E+01	  3.33018E+01	  9.69585E-01	 -3.87835E+00	  8.57018E-01	 -3.42829E+00	   -11.604597%
  -2	 -12	 -6.06086E+00	 -3.25202E+01	  3.29046E+01	  6.46390E-01	  3.87835E+00	  5.72980E-01	  3.43767E+00	   -11.362484%
  -2	 -11	 -6.06086E+00	 -3.03053E+01	  3.07348E+01	  6.46390E-01	  3.55515E+00	  5.81078E-01	  3.19574E+00	   -10.109448%
  -2	 -10	 -6.06086E+00	 -2.79857E+01	  2.84708E+01	  6.46390E-01	  3.23196E+00	  5.89471E-01	  2.94719E+00	    -8.810761%
  -2	  -9	 -6.06086E+00	 -2.55618E+01	  2.61158E+01	  6.46390E-01	  2.90876E+00	  5.97904E-01	  2.69043E+00	    -7.505808%
  -2	  -8	 -6.06086E+00	 -2.30357E+01	  2.36763E+01	  6.46390E-01	  2.58557E+00	  6.06153E-01	  2.42450E+00	    -6.229222%
  -2	  -7	 -6.06086E+00	 -2.04113E+01	  2.11622E+01	  6.46390E-01	  2.26237E+00	  6.14009E-01	  2.14894E+00	    -5.013514%
  -2	  -6	 -6.06086E+00	 -1.76943E+01	  1.85893E+01	  6.46390E-01	  1.93917E+00	  6.21271E-01	  1.86374E+00	    -3.889473%
  -2	  -5	 -6.06086E+00	 -1.48927E+01	  1.59824E+01	  6.46390E-01	  1.61598E+00	  6.27756E-01	  1.56934E+00	    -2.885669%
  -2	  -4	 -6.06086E+00	 -1.20163E+01	  1.33819E+01	  6.46390E-01	  1.29278E+00	  6.33299E-01	  1.26656E+00	    -2.027634%
  -2	  -3	 -6.06086E+00	 -9.07711E+00	  1.08600E+01	  6.46390E-01	  9.69587E-01	  6.37759E-01	  9.56615E-01	    -1.337047%
  -2	  -2	 -6.06086E+00	 -6.08901E+00	  8.55983E+00	  6.46390E-01	  6.46391E-01	  6.41025E-01	  6.41011E-01	    -0.831100%
  -2	  -1	 -6.06086E+00	 -3.06731E+00	  6.78278E+00	  6.46390E-01	  3.23196E-01	  6.43018E-01	  3.21500E-01	    -0.522158%
  -2	   0	 -6.06086E+00	 -2.84622E-02	  6.06109E+00	  6.46390E-01	 -0.00000E+00	  6.43690E-01	 -7.11587E-06	    -0.417692%
  -2	   1	 -6.06086E+00	  3.01055E+00	  6.75768E+00	  6.46390E-01	 -3.23196E-01	  6.43024E-01	 -3.21521E-01	    -0.520258%
  -2	   2	 -6.06086E+00	  6.03272E+00	  8.52046E+00	  6.46390E-01	 -6.46391E-01	  6.41036E-01	 -6.41050E-01	    -0.827334%
  -2	   3	 -6.06086E+00	  9.02159E+00	  1.08143E+01	  6.46390E-01	 -9.69587E-01	  6.37774E-01	 -9.56683E-01	    -1.331491%
  -2	   4	 -6.06086E+00	  1.19618E+01	  1.33336E+01	  6.46390E-01	 -1.29278E+00	  6.33317E-01	 -1.26667E+00	    -2.020418%
  -2	   5	 -6.06086E+00	  1.48395E+01	  1.59335E+01	  6.46390E-01	 -1.61598E+00	  6.27777E-01	 -1.56949E+00	    -2.876991%
  -2	   6	 -6.06086E+00	  1.76427E+01	  1.85408E+01	  6.46390E-01	 -1.93917E+00	  6.21293E-01	 -1.86395E+00	    -3.879607%
  -2	   7	 -6.06086E+00	  2.03613E+01	  2.11145E+01	  6.46390E-01	 -2.26237E+00	  6.14029E-01	 -2.14919E+00	    -5.002808%
  -2	   8	 -6.06086E+00	  2.29875E+01	  2.36299E+01	  6.46390E-01	 -2.58557E+00	  6.06171E-01	 -2.42480E+00	    -6.218094%
  -2	   9	 -6.06086E+00	  2.55154E+01	  2.60709E+01	  6.46390E-01	 -2.90876E+00	  5.97916E-01	 -2.69076E+00	    -7.494735%
  -2	  10	 -6.06086E+00	  2.79413E+01	  2.84275E+01	  6.46390E-01	 -3.23196E+00	  5.89475E-01	 -2.94754E+00	    -8.800276%
  -2	  11	 -6.06086E+00	  3.02629E+01	  3.06933E+01	  6.46390E-01	 -3.55515E+00	  5.81071E-01	 -3.19608E+00	   -10.100172%
  -2	  12	 -6.06086E+00	  3.24798E+01	  3.28648E+01	  6.46390E-01	 -3.87835E+00	  5.72957E-01	 -3.43796E+00	   -11.355257%
  -1	 -12	 -3.03893E+00	 -3.25202E+01	  3.26374E+01	  3.23195E-01	  3.87835E+00	  2.86986E-01	  3.44362E+00	   -11.209180%
  -1	 -11	 -3.03893E+00	 -3.03053E+01	  3.04299E+01	  3.23195E-01	  3.55515E+00	  2.91109E-01	  3.20202E+00	    -9.933045%
  -1	 -10	 -3.03893E+00	 -2.79857E+01	  2.81209E+01	  3.23195E-01	  3.23196E+00	  2.95374E-01	  2.95358E+00	    -8.613132%
  -1	  -9	 -3.03893E+00	 -2.55618E+01	  2.57116E+01	  3.23195E-01	  2.90876E+00	  2.99655E-01	  2.69676E+00	    -7.288259%
  -1	  -8	 -3.03893E+00	 -2.30357E+01	  2.32052E+01	  3.23195E-01	  2.58557E+00	  3.03840E-01	  2.43061E+00	    -5.993043%
  -1	  -7	 -3.03893E+00	 -2.04113E+01	  2.06073E+01	  3.23195E-01	  2.26237E+00	  3.07823E-01	  2.15467E+00	    -4.760197%
  -1	  -6	 -3.03893E+00	 -1.76943E+01	  1.79265E+01	  3.23195E-01	  1.93917E+00	  3.11504E-01	  1.86896E+00	    -3.620788%
  -1	  -5	 -3.03893E+00	 -1.48927E+01	  1.51757E+01	  3.23195E-01	  1.61598E+00	  3.14790E-01	  1.57390E+00	    -2.603663%
  -1	  -4	 -3.03893E+00	 -1.20163E+01	  1.23746E+01	  3.23195E-01	  1.29278E+00	  3.17597E-01	  1.27036E+00	    -1.734580%
  -1	  -3	 -3.03893E+00	 -9.07711E+00	  9.55701E+00	  3.23195E-01	  9.69587E-01	  3.19855E-01	  9.59546E-01	    -1.035360%
  -1	  -2	 -3.03893E+00	 -6.08901E+00	  6.79530E+00	  3.23195E-01	  6.46391E-01	  3.21508E-01	  6.43007E-01	    -0.523260%
  -1	  -1	 -3.03893E+00	 -3.06731E+00	  4.31380E+00	  3.23195E-01	  3.23196E-01	  3.22516E-01	  3.22513E-01	    -0.210621%
  -1	   0	 -3.03893E+00	 -2.84622E-02	  3.03909E+00	  3.23195E-01	 -0.00000E+00	  3.22856E-01	 -1.77738E-06	    -0.104844%
  -1	   1	 -3.03893E+00	  3.01055E+00	  4.27377E+00	  3.23195E-01	 -3.23196E-01	  3.22519E-01	 -3.22523E-01	    -0.208704%
  -1	   2	 -3.03893E+00	  6.03272E+00	  6.74509E+00	  3.23195E-01	 -6.46391E-01	  3.21513E-01	 -6.43035E-01	    -0.519460%
  -1	   3	 -3.03893E+00	  9.02159E+00	  9.50447E+00	  3.23195E-01	 -9.69587E-01	  3.19862E-01	 -9.59604E-01	    -1.029747%
  -1	   4	 -3.03893E+00	  1.19618E+01	  1.23219E+01	  3.23195E-01	 -1.29278E+00	  3.17606E-01	 -1.27045E+00	    -1.727279%
  -1	   5	 -3.03893E+00	  1.48395E+01	  1.51237E+01	  3.23195E-01	 -1.61598E+00	  3.14800E-01	 -1.57405E+00	    -2.594868%
  -1	   6	 -3.03893E+00	  1.76427E+01	  1.78756E+01	  3.23195E-01	 -1.93917E+00	  3.11515E-01	 -1.86916E+00	    -3.610768%
  -1	   7	 -3.03893E+00	  2.03613E+01	  2.05578E+01	  3.23195E-01	 -2.26237E+00	  3.07834E-01	 -2.15492E+00	    -4.749301%
  -1	   8	 -3.03893E+00	  2.29875E+01	  2.31574E+01	  3.23195E-01	 -2.58557E+00	  3.03849E-01	 -2.43091E+00	    -5.981691%
  -1	   9	 -3.03893E+00	  2.55154E+01	  2.56655E+01	  3.23195E-01	 -2.90876E+00	  2.99662E-01	 -2.69709E+00	    -7.276930%
  -1	  10	 -3.03893E+00	  2.79413E+01	  2.80767E+01	  3.23195E-01	 -3.23196E+00	  2.95377E-01	 -2.95393E+00	    -8.602359%
  -1	  11	 -3.03893E+00	  3.02629E+01	  3.03876E+01	  3.23195E-01	 -3.55515E+00	  2.91107E-01	 -3.20236E+00	    -9.923442%
  -1	  12	 -3.03893E+00	  3.24798E+01	  3.25970E+01	  3.23195E-01	 -3.87835E+00	  2.86975E-01	 -3.44391E+00	   -11.201554%
   0	 -12	  0.00000E+00	 -3.25202E+01	  3.25473E+01	 -0.00000E+00	  3.87835E+00	  0.00000E+00	  3.44563E+00	   -11.157399%
   0	 -11	  0.00000E+00	 -3.03053E+01	  3.03270E+01	 -0.00000E+00	  3.55515E+00	  0.00000E+00	  3.20413E+00	    -9.873578%
   0	 -10	  0.00000E+00	 -2.79857E+01	  2.80026E+01	 -0.00000E+00	  3.23196E+00	  0.00000E+00	  2.95574E+00	    -8.546571%
   0	  -9	  0.00000E+00	 -2.55618E+01	  2.55745E+01	 -0.00000E+00	  2.90876E+00	  0.00000E+00	  2.69889E+00	    -7.215028%
   0	  -8	  0.00000E+00	 -2.30357E+01	  2.30450E+01	 -0.00000E+00	  2.58557E+00	  0.00000E+00	  2.43267E+00	    -5.913569%
   0	  -7	  0.00000E+00	 -2.04113E+01	  2.04177E+01	 -0.00000E+00	  2.26237E+00	  0.00000E+00	  2.15660E+00	    -4.674981%
   0	  -6	  0.00000E+00	 -1.76943E+01	  1.76985E+01	 -0.00000E+00	  1.93917E+00	  0.00000E+00	  1.87071E+00	    -3.530427%
   0	  -5	  0.00000E+00	 -1.48927E+01	  1.48951E+01	 -0.00000E+00	  1.61598E+00	  0.00000E+00	  1.57544E+00	    -2.508847%
   0	  -4	  0.00000E+00	 -1.20163E+01	  1.20176E+01	 -0.00000E+00	  1.29278E+00	  0.00000E+00	  1.27163E+00	    -1.636076%
   0	  -3	  0.00000E+00	 -9.07711E+00	  9.07766E+00	 -0.00000E+00	  9.69587E-01	  0.00000E+00	  9.60531E-01	    -0.933982%
   0	  -2	  0.00000E+00	 -6.08901E+00	  6.08917E+00	 -0.00000E+00	  6.46391E-01	  0.00000E+00	  6.43678E-01	    -0.419851%
   0	  -1	  0.00000E+00	 -3.06731E+00	  3.06734E+00	 -0.00000E+00	  3.23196E-01	  0.00000E+00	  3.22853E-01	    -0.106059%
   0	   0	  0.00000E+00	 -2.84622E-02	  2.84622E-02	  0.00000E+00	  0.00000E+00	  0.00000E+00	  1.20346E-17	     0.000000%
   0	   1	  0.00000E+00	  3.01055E+00	  3.01057E+00	  0.00000E+00	 -3.23196E-01	  0.00000E+00	 -3.22859E-01	    -0.104138%
   0	   2	  0.00000E+00	  6.03272E+00	  6.03288E+00	  0.00000E+00	 -6.46391E-01	  0.00000E+00	 -6.43702E-01	    -0.416040%
   0	   3	  0.00000E+00	  9.02159E+00	  9.02213E+00	  0.00000E+00	 -9.69587E-01	  0.00000E+00	 -9.60586E-01	    -0.928351%
   0	   4	  0.00000E+00	  1.19618E+01	  1.19631E+01	  0.00000E+00	 -1.29278E+00	  0.00000E+00	 -1.27173E+00	    -1.628748%
   0	   5	  0.00000E+00	  1.48395E+01	  1.48419E+01	  0.00000E+00	 -1.61598E+00	  0.00000E+00	 -1.57558E+00	    -2.500014%
   0	   6	  0.00000E+00	  1.76427E+01	  1.76468E+01	  0.00000E+00	 -1.93917E+00	  0.00000E+00	 -1.87091E+00	    -3.520357%
   0	   7	  0.00000E+00	  2.03613E+01	  2.03676E+01	  0.00000E+00	 -2.26237E+00	  0.00000E+00	 -2.15685E+00	    -4.664022%
   0	   8	  0.00000E+00	  2.29875E+01	  2.29967E+01	  0.00000E+00	 -2.58557E+00	  0.00000E+00	 -2.43296E+00	    -5.902142%
   0	   9	  0.00000E+00	  2.55154E+01	  2.55281E+01	  0.00000E+00	 -2.90876E+00	  0.00000E+00	 -2.69923E+00	    -7.203613%
   0	  10	  0.00000E+00	  2.79413E+01	  2.79581E+01	  0.00000E+00	 -3.23196E+00	  0.00000E+00	 -2.95609E+00	    -8.535701%
   0	  11	  0.00000E+00	  3.02629E+01	  3.02845E+01	  0.00000E+00	 -3.55515E+00	  0.00000E+00	 -3.20448E+00	    -9.863866%
   0	  12	  0.00000E+00	  3.24798E+01	  3.25067E+01	  0.00000E+00	 -3.87835E+00	  0.00000E+00	 -3.44593E+00	   -11.149643%
   1	 -12	  3.03893E+00	 -3.25202E+01	  3.26374E+01	 -3.23195E-01	  3.87835E+00	 -2.86986E-01	  3.44362E+00	   -11.209180%
   1	 -11	  3.03893E+00	 -3.03053E+01	  3.04299E+01	 -3.23195E-01	  3.55515E+00	 -2.91109E-01	  3.20202E+00	    -9.933045%
   1	 -10	  3.03893E+00	 -2.79857E+01	  2.81209E+01	 -3.23195E-01	  3.23196E+00	 -2.95374E-01	  2.95358E+00	    -8.613132%
   1	  -9	  3.03893E+00	 -2.55618E+01	  2.57116E+01	 -3.23195E-01	  2.90876E+00	 -2.99655E-01	  2.69676E+00	    -7.288259%
   1	  -8	  3.03893E+00	 -2.30357E+01	  2.32052E+01	 -3.23195E-01	  2.58557E+00	 -3.03840E-01	  2.43061E+00	    -5.993043%
   1	  -7	  3.03893E+00	 -2.04113E+01	  2.06073E+01	 -3.23195E-01	  2.26237E+00	 -3.07823E-01	  2.15467E+00	    -4.760197%
   1	  -6	  3.03893E+00	 -1.76943E+01	  1.79265E+01	 -3.23195E-01	  1.93917E+00	 -3.11504E-01	  1.86896E+00	    -3.620788%
   1	  -5	  3.03893E+00	 -1.48927E+01	  1.51757E+01	 -3.23195E-01	  1.61598E+00	 -3.14790E-01	  1.57390E+00	    -2.603663%
   1	  -4	  3.03893E+00	 -1.20163E+01	  1.23746E+01	 -3.23195E-01	  1.29278E+00	 -3.17597E-01	  1.27036E+00	    -1.734580%
   1	  -3	  3.03893E+00	 -9.07711E+00	  9.55701E+00	 -3.23195E-01	  9.69587E-01	 -3.19855E-01	  9.59546E-01	    -1.035360%
   1	  -2	  3.03893E+00	 -6.08901E+00	  6.79530E+00	 -3.23195E-01	  6.46391E-01	 -3.21508E-01	  6.43007E-01	    -0.523260%
   1	  -1	  3.03893E+00	 -3.06731E+00	  4.31380E+00	 -3.23195E-01	  3.23196E-01	 -3.22516E-01	  3.22513E-01	    -0.210621%
   1	   0	  3.03893E+00	 -2.84622E-02	  3.03909E+00	 -3.23195E-01	  0.00000E+00	 -3.22856E-01	 -1.77738E-06	    -0.104844%
   1	   1	  3.03893E+00	  3.01055E+00	  4.27377E+00	 -3.23195E-01	 -3.23196E-01	 -3.22519E-01	 -3.22523E-01	    -0.208704%
   1	   2	  3.03893E+00	  6.03272E+00	  6.74509E+00	 -3.23195E-01	 -6.46391E-01	 -3.21513E-01	 -6.43035E-01	    -0.519460%
   1	   3	  3.03893E+00	  9.02159E+00	  9.50447E+00	 -3.23195E-01	 -9.69587E-01	 -3.19862E-01	 -9.59604E-01	    -1.029747%
   1	   4	  3.03893E+00	  1.19618E+01	  1.23219E+01	 -3.23195E-01	 -1.29278E+00	 -3.17606E-01	 -1.27045E+00	    -1.727279%
   1	   5	  3.03893E+00	  1.48395E+01	  1.51237E+01	 -3.23195E-01	 -1.61598E+00	 -3.14800E-01	 -1.57405E+00	    -2.594868%
   1	   6	  3.03893E+00	  1.76427E+01	  1.78756E+01	 -3.23195E-01	 -1.93917E+00	 -3.11515E-01	 -1.86916E+00	    -3.610768%
   1	   7	  3.03893E+00	  2.03613E+01	  2.05578E+01	 -3.23195E-01	 -2.26237E+00	 -3.07834E-01	 -2.15492E+00	    -4.749301%
   1	   8	  3.03893E+00	  2.29875E+01	  2.31574E+01	 -3.23195E-01	 -2.58557E+00	 -3.03849E-01	 -2.43091E+00	    -5.981691%
   1	   9	  3.03893E+00	  2.55154E+01	  2.56655E+01	 -3.23195E-01	 -2.90876E+00	 -2.99662E-01	 -2.69709E+00	    -7.276930%
   1	  10	  3.03893E+00	  2.79413E+01	  2.80767E+01	 -3.23195E-01	 -3.23196E+00	 -2.95377E-01	 -2.95393E+00	    -8.602359%
   1	  11	  3.03893E+00	  3.02629E+01	  3.03876E+01	 -3.23195E-01	 -3.55515E+00	 -2.91107E-01	 -3.20236E+00	    -9.923442%
   1	  12	  3.03893E+00	  3.24798E+01	  3.25970E+01	 -3.23195E-01	 -3.87835E+00	 -2.86975E-01	 -3.44391E+00	   -11.201554%
   2	 -12	  6.06086E+00	 -3.25202E+01	  3.29046E+01	 -6.46390E-01	  3.87835E+00	 -5.72980E-01	  3.43767E+00	   -11.362484%
   2	 -11	  6.06086E+00	 -3.03053E+01	  3.07348E+01	 -6.46390E-01	  3.55515E+00	 -5.81078E-01	  3.19574E+00	   -10.109448%
   2	 -10	  6.06086E+00	 -2.79857E+01	  2.84708E+01	 -6.46390E-01	  3.23196E+00	 -5.89471E-01	  2.94719E+00	    -8.810761%
   2	  -9	  6.06086E+00	 -2.55618E+01	  2.61158E+01	 -6.46390E-01	  2.90876E+00	 -5.97904E-01	  2.69043E+00	    -7.505808%
   2	  -8	  6.06086E+00	 -2.30357E+01	  2.36763E+01	 -6.46390E-01	  2.58557E+00	 -6.06153E-01	  2.42450E+00	    -6.229222%
   2	  -7	  6.06086E+00	 -2.04113E+01	  2.11622E+01	 -6.46390E-01	  2.26237E+00	 -6.14009E-01	  2.14894E+00	    -5.013514%
   2	  -6	  6.06086E+00	 -1.76943E+01	  1.85893E+01	 -6.46390E-01	  1.93917E+00	 -6.21271E-01	  1.86374E+00	    -3.889473%
   2	  -5	  6.06086E+00	 -1.48927E+01	  1.59824E+01	 -6.46390E-01	  1.61598E+00	 -6.27756E-01	  1.56934E+00	    -2.885669%
   2	  -4	  6.06086E+00	 -1.20163E+01	  1.33819E+01	 -6.46390E-01	  1.29278E+00	 -6.33299E-01	  1.26656E+00	    -2.027634%
   2	  -3	  6.06086E+00	 -9.07711E+00	  1.08600E+01	 -6.46390E-01	  9.69587E-01	 -6.37759E-01	  9.56615E-01	    -1.337047%
   2	  -2	  6.06086E+00	 -6.08901E+00	  8.55983E+00	 -6.46390E-01	  6.46391E-01	 -6.41025E-01	  6.41011E-01	    -0.831100%
   2	  -1	  6.06086E+00	 -3.06731E+00	  6.78278E+00	 -6.46390E-01	  3.23196E-01	 -6.43018E-01	  3.21500E-01	    -0.522158%
   2	   0	  6.06086E+00	 -2.84622E-02	  6.06109E+00	 -6.46390E-01	  0.00000E+00	 -6.43690E-01	 -7.11587E-06	    -0.417692%
   2	   1	  6.06086E+00	  3.01055E+00	  6.75768E+00	 -6.46390E-01	 -3.23196E-01	 -6.43024E-01	 -3.21521E-01	    -0.520258%
   2	   2	  6.06086E+00	  6.03272E+00	  8.52046E+00	 -6.46390E-01	 -6.46391E-01	 -6.41036E-01	 -6.41050E-01	    -0.827334%
   2	   3	  6.06086E+00	  9.02159E+00	  1.08143E+01	 -6.46390E-01	 -9.69587E-01	 -6.37774E-01	 -9.56683E-01	    -1.331491%
   2	   4	  6.06086E+00	  1.19618E+01	  1.33336E+01	 -6.46390E-01	 -1.29278E+00	 -6.33317E-01	 -1.26667E+00	    -2.020418%
   2	   5	  6.06086E+00	  1.48395E+01	  1.59335E+01	 -6.46390E-01	 -1.61598E+00	 -6.27777E-01	 -1.56949E+00	    -2.876991%
   2	   6	  6.06086E+00	  1.76427E+01	  1.85408E+01	 -6.46390E-01	 -1.93917E+00	 -6.21293E-01	 -1.86395E+00	    -3.879607%
   2	   7	  6.06086E+00	  2.03613E+01	  2.11145E+01	 -6.46390E-01	 -2.26237E+00	 -6.14029E-01	 -2.14919E+00	    -5.002808%
   2	   8	  6.06086E+00	  2.29875E+01	  2.36299E+01	 -6.46390E-01	 -2.58557E+00	 -6.06171E-01	 -2.42480E+00	    -6.218094%
   2	   9	  6.06086E+00	  2.55154E+01	  2.60709E+01	 -6.46390E-01	 -2.90876E+00	 -5.97916E-01	 -2.69076E+00	    -7.494735%
   2	  10	  6.06086E+00	  2.79413E+01	  2.84275E+01	 -6.46390E-01	 -3.23196E+00	 -5.89475E-01	 -2.94754E+00	    -8.800276%
   2	  11	  6.06086E+00	  3.02629E+01	  3.06933E+01	 -6.46390E-01	 -3.55515E+00	 -5.81071E-01	 -3.19608E+00	   -10.100172%
   2	  12	  6.06086E+00	  3.24798E+01	  3.28648E+01	 -6.46390E-01	 -3.87835E+00	 -5.72957E-01	 -3.43796E+00	   -11.355257%
   3	 -12	  9.04935E+00	 -3.25202E+01	  3.33405E+01	 -9.69585E-01	  3.87835E+00	 -8.57059E-01	  3.42801E+00	   -11.611142%
   3	 -11	  9.04935E+00	 -3.03053E+01	  3.12308E+01	 -9.69585E-01	  3.55515E+00	 -8.68831E-01	  3.18552E+00	   -10.396798%
   3	 -10	  9.04935E+00	 -2.79857E+01	  2.90380E+01	 -9.69585E-01	  3.23196E+00	 -8.81079E-01	  2.93676E+00	    -9.133327%
   3	  -9	  9.04935E+00	 -2.55618E+01	  2.67683E+01	 -9.69585E-01	  2.90876E+00	 -8.93409E-01	  2.68008E+00	    -7.861286%
   3	  -8	  9.04935E+00	 -2.30357E+01	  2.44320E+01	 -9.69585E-01	  2.58557E+00	 -9.05485E-01	  2.41450E+00	    -6.615433%
   3	  -7	  9.04935E+00	 -2.04113E+01	  2.20448E+01	 -9.69585E-01	  2.26237E+00	 -9.16994E-01	  2.13955E+00	    -5.427997%
   3	  -6	  9.04935E+00	 -1.76943E+01	  1.96308E+01	 -9.69585E-01	  1.93917E+00	 -9.27641E-01	  1.85520E+00	    -4.329335%
   3	  -5	  9.04935E+00	 -1.48927E+01	  1.72265E+01	 -9.69585E-01	  1.61598E+00	 -9.37155E-01	  1.56187E+00	    -3.347573%
   3	  -4	  9.04935E+00	 -1.20163E+01	  1.48898E+01	 -9.69585E-01	  1.29278E+00	 -9.45291E-01	  1.26034E+00	    -2.507874%
   3	  -3	  9.04935E+00	 -9.07711E+00	  1.27141E+01	 -9.69585E-01	  9.69587E-01	 -9.51842E-01	  9.51810E-01	    -1.831668%
   3	  -2	  9.04935E+00	 -6.08901E+00	  1.08524E+01	 -9.69585E-01	  6.46391E-01	 -9.56642E-01	  6.37738E-01	    -1.336024%
   3	  -1	  9.04935E+00	 -3.06731E+00	  9.53953E+00	 -9.69585E-01	  3.23196E-01	 -9.59572E-01	  3.19839E-01	    -1.033287%
   3	   0	  9.04935E+00	 -2.84622E-02	  9.04994E+00	 -9.69585E-01	  0.00000E+00	 -9.60559E-01	 -1.60206E-05	    -0.930914%
   3	   1	  9.04935E+00	  3.01055E+00	  9.52202E+00	 -9.69585E-01	 -3.23196E-01	 -9.59579E-01	 -3.19877E-01	    -1.031416%
   3	   2	  9.04935E+00	  6.03272E+00	  1.08220E+01	 -9.69585E-01	 -6.46391E-01	 -9.56657E-01	 -6.37794E-01	    -1.332320%
   3	   3	  9.04935E+00	  9.02159E+00	  1.26757E+01	 -9.69585E-01	 -9.69587E-01	 -9.51863E-01	 -9.51895E-01	    -1.826213%
   3	   4	  9.04935E+00	  1.19618E+01	  1.48473E+01	 -9.69585E-01	 -1.29278E+00	 -9.45317E-01	 -1.26047E+00	    -2.500807%
   3	   5	  9.04935E+00	  1.48395E+01	  1.71820E+01	 -9.69585E-01	 -1.61598E+00	 -9.37185E-01	 -1.56203E+00	    -3.339098%
   3	   6	  9.04935E+00	  1.76427E+01	  1.95855E+01	 -9.69585E-01	 -1.93917E+00	 -9.27672E-01	 -1.85542E+00	    -4.319729%
   3	   7	  9.04935E+00	  2.03613E+01	  2.19998E+01	 -9.69585E-01	 -2.26237E+00	 -9.17022E-01	 -2.13982E+00	    -5.417610%
   3	   8	  9.04935E+00	  2.29875E+01	  2.43877E+01	 -9.69585E-01	 -2.58557E+00	 -9.05508E-01	 -2.41481E+00	    -6.604681%
   3	   9	  9.04935E+00	  2.55154E+01	  2.67251E+01	 -9.69585E-01	 -2.90876E+00	 -8.93424E-01	 -2.68042E+00	    -7.850642%
   3	  10	  9.04935E+00	  2.79413E+01	  2.89962E+01	 -9.69585E-01	 -3.23196E+00	 -8.81081E-01	 -2.93711E+00	    -9.123325%
   3	  11	  9.04935E+00	  3.02629E+01	  3.11905E+01	 -9.69585E-01	 -3.55515E+00	 -8.68815E-01	 -3.18585E+00	   -10.388076%
   3	  12	  9.04935E+00	  3.24798E+01	  3.33018E+01	 -9.69585E-01	 -3.87835E+00	 -8.57018E-01	 -3.42829E+00	   -11.604597%
   4	 -12	  1.19890E+01	 -3.25202E+01	  3.39321E+01	 -1.29278E+00	  3.87835E+00	 -1.13843E+00	  3.41507E+00	   -11.944601%
   4	 -11	  1.19890E+01	 -3.03053E+01	  3.19013E+01	 -1.29278E+00	  3.55515E+00	 -1.15342E+00	  3.17170E+00	   -10.785110%
   4	 -10	  1.19890E+01	 -2.79857E+01	  2.98009E+01	 -1.29278E+00	  3.23196E+00	 -1.16912E+00	  2.92261E+00	    -9.570728%
   4	  -9	  1.19890E+01	 -2.55618E+01	  2.76403E+01	 -1.29278E+00	  2.90876E+00	 -1.18497E+00	  2.66602E+00	    -8.344217%
   4	  -8	  1.19890E+01	 -2.30357E+01	  2.54338E+01	 -1.29278E+00	  2.58557E+00	 -1.20052E+00	  2.40091E+00	    -7.140747%
   4	  -7	  1.19890E+01	 -2.04113E+01	  2.32022E+01	 -1.29278E+00	  2.26237E+00	 -1.21536E+00	  2.12677E+00	    -5.992278%
   4	  -6	  1.19890E+01	 -1.76943E+01	  2.09760E+01	 -1.29278E+00	  1.93917E+00	 -1.22911E+00	  1.84357E+00	    -4.928633%
   4	  -5	  1.19890E+01	 -1.48927E+01	  1.87997E+01	 -1.29278E+00	  1.61598E+00	 -1.24140E+00	  1.55168E+00	    -3.977354%
   4	  -4	  1.19890E+01	 -1.20163E+01	  1.67379E+01	 -1.29278E+00	  1.29278E+00	 -1.25192E+00	  1.25186E+00	    -3.163098%
   4	  -3	  1.19890E+01	 -9.07711E+00	  1.48845E+01	 -1.29278E+00	  9.69587E-01	 -1.26039E+00	  9.45250E-01	    -2.506921%
   4	  -2	  1.19890E+01	 -6.08901E+00	  1.33698E+01	 -1.29278E+00	  6.46391E-01	 -1.26661E+00	  6.33268E-01	    -2.025680%
   4	  -1	  1.19890E+01	 -3.06731E+00	  1.23549E+01	 -1.29278E+00	  3.23196E-01	 -1.27040E+00	  3.17570E-01	    -1.731620%
   4	   0	  1.19890E+01	 -2.84622E-02	  1.19903E+01	 -1.29278E+00	  0.00000E+00	 -1.27168E+00	 -2.84587E-05	    -1.632160%
   4	   1	  1.19890E+01	  3.01055E+00	  1.23417E+01	 -1.29278E+00	 -3.23196E-01	 -1.27041E+00	 -3.17633E-01	    -1.729795%
   4	   2	  1.19890E+01	  6.03272E+00	  1.33457E+01	 -1.29278E+00	 -6.46391E-01	 -1.26662E+00	 -6.33348E-01	    -2.022072%
   4	   3	  1.19890E+01	  9.02159E+00	  1.48526E+01	 -1.29278E+00	 -9.69587E-01	 -1.26042E+00	 -9.45358E-01	    -2.501621%
   4	   4	  1.19890E+01	  1.19618E+01	  1.67010E+01	 -1.29278E+00	 -1.29278E+00	 -1.25195E+00	 -1.25201E+00	    -3.156252%
   4	   5	  1.19890E+01	  1.48395E+01	  1.87598E+01	 -1.29278E+00	 -1.61598E+00	 -1.24143E+00	 -1.55186E+00	    -3.969175%
   4	   6	  1.19890E+01	  1.76427E+01	  2.09347E+01	 -1.29278E+00	 -1.93917E+00	 -1.22914E+00	 -1.84380E+00	    -4.919401%
   4	   7	  1.19890E+01	  2.03613E+01	  2.31603E+01	 -1.29278E+00	 -2.26237E+00	 -1.21540E+00	 -2.12705E+00	    -5.982345%
   4	   8	  1.19890E+01	  2.29875E+01	  2.53921E+01	 -1.29278E+00	 -2.58557E+00	 -1.20055E+00	 -2.40123E+00	    -7.130525%
   4	   9	  1.19890E+01	  2.55154E+01	  2.75994E+01	 -1.29278E+00	 -2.90876E+00	 -1.18498E+00	 -2.66636E+00	    -8.334176%
   4	  10	  1.19890E+01	  2.79413E+01	  2.97609E+01	 -1.29278E+00	 -3.23196E+00	 -1.16911E+00	 -2.92296E+00	    -9.561407%
   4	  11	  1.19890E+01	  3.02629E+01	  3.18626E+01	 -1.29278E+00	 -3.55515E+00	 -1.15339E+00	 -3.17203E+00	   -10.777180%
   4	  12	  1.19890E+01	  3.24798E+01	  3.38948E+01	 -1.29278E+00	 -3.87835E+00	 -1.13837E+00	 -3.41533E+00	   -11.939065%
   5	 -12	  1.48661E+01	 -3.25202E+01	  3.46627E+01	 -1.61597E+00	  3.87835E+00	 -1.41653E+00	  3.39944E+00	   -12.347239%
   5	 -11	  1.48661E+01	 -3.03053E+01	  3.27252E+01	 -1.61597E+00	  3.55515E+00	 -1.43409E+00	  3.15479E+00	   -11.260275%
   5	 -10	  1.48661E+01	 -2.79857E+01	  3.07329E+01	 -1.61597E+00	  3.23196E+00	 -1.45270E+00	  2.90520E+00	   -10.108989%
   5	  -9	  1.48661E+01	 -2.55618E+01	  2.86978E+01	 -1.61597E+00	  2.90876E+00	 -1.47158E+00	  2.64867E+00	    -8.940251%
   5	  -8	  1.48661E+01	 -2.30357E+01	  2.66374E+01	 -1.61597E+00	  2.58557E+00	 -1.49015E+00	  2.38410E+00	    -7.790256%
   5	  -7	  1.48661E+01	 -2.04113E+01	  2.45762E+01	 -1.61597E+00	  2.26237E+00	 -1.50791E+00	  2.11095E+00	    -6.690855%
   5	  -6	  1.48661E+01	 -1.76943E+01	  2.25482E+01	 -1.61597E+00	  1.93917E+00	 -1.52438E+00	  1.82915E+00	    -5.671322%
   5	  -5	  1.48661E+01	 -1.48927E+01	  2.06002E+01	 -1.61597E+00	  1.61598E+00	 -1.53912E+00	  1.53904E+00	    -4.758523%
   5	  -4	  1.48661E+01	 -1.20163E+01	  1.87957E+01	 -1.61597E+00	  1.29278E+00	 -1.55175E+00	  1.24133E+00	    -3.976482%
   5	  -3	  1.48661E+01	 -9.07711E+00	  1.72176E+01	 -1.61597E+00	  9.69587E-01	 -1.56194E+00	  9.37101E-01	    -3.345761%
   5	  -2	  1.48661E+01	 -6.08901E+00	  1.59677E+01	 -1.61597E+00	  6.46391E-01	 -1.56941E+00	  6.27711E-01	    -2.882885%
   5	  -1	  1.48661E+01	 -3.06731E+00	  1.51549E+01	 -1.61597E+00	  3.23196E-01	 -1.57397E+00	  3.14748E-01	    -2.599915%
   5	   0	  1.48661E+01	 -2.84622E-02	  1.48686E+01	 -1.61597E+00	  0.00000E+00	 -1.57551E+00	 -4.43103E-05	    -2.504181%
   5	   1	  1.48661E+01	  3.01055E+00	  1.51445E+01	 -1.61597E+00	 -3.23196E-01	 -1.57398E+00	 -3.14842E-01	    -2.598156%
   5	   2	  1.48661E+01	  6.03272E+00	  1.59482E+01	 -1.61597E+00	 -6.46391E-01	 -1.56943E+00	 -6.27822E-01	    -2.879414%
   5	   3	  1.48661E+01	  9.02159E+00	  1.71909E+01	 -1.61597E+00	 -9.69587E-01	 -1.56196E+00	 -9.37239E-01	    -3.340676%
   5	   4	  1.48661E+01	  1.19618E+01	  1.87638E+01	 -1.61597E+00	 -1.29278E+00	 -1.55179E+00	 -1.24150E+00	    -3.969939%
   5	   5	  1.48661E+01	  1.48395E+01	  2.05649E+01	 -1.61597E+00	 -1.61598E+00	 -1.53916E+00	 -1.53925E+00	    -4.750740%
   5	   6	  1.48661E+01	  1.76427E+01	  2.25108E+01	 -1.61597E+00	 -1.93917E+00	 -1.52442E+00	 -1.82941E+00	    -5.662585%
   5	   7	  1.48661E+01	  2.03613E+01	  2.45378E+01	 -1.61597E+00	 -2.26237E+00	 -1.50795E+00	 -2.11125E+00	    -6.681513%
   5	   8	  1.48661E+01	  2.29875E+01	  2.65988E+01	 -1.61597E+00	 -2.58557E+00	 -1.49018E+00	 -2.38443E+00	    -7.780718%
   5	   9	  1.48661E+01	  2.55154E+01	  2.86595E+01	 -1.61597E+00	 -2.90876E+00	 -1.47158E+00	 -2.64902E+00	    -8.930988%
   5	  10	  1.48661E+01	  2.79413E+01	  3.06952E+01	 -1.61597E+00	 -3.23196E+00	 -1.45268E+00	 -2.90555E+00	   -10.100556%
   5	  11	  1.48661E+01	  3.02629E+01	  3.26884E+01	 -1.61597E+00	 -3.55515E+00	 -1.43404E+00	 -3.15511E+00	   -11.253406%
   5	  12	  1.48661E+01	  3.24798E+01	  3.46270E+01	 -1.61597E+00	 -3.87835E+00	 -1.41643E+00	 -3.39967E+00	   -12.343117%
   6	 -12	  1.76685E+01	 -3.25202E+01	  3.55136E+01	 -1.93917E+00	  3.87835E+00	 -1.69112E+00	  3.38200E+00	   -12.796572%
   6	 -11	  1.76685E+01	 -3.03053E+01	  3.36796E+01	 -1.93917E+00	  3.55515E+00	 -1.71038E+00	  3.13547E+00	   -11.803533%
   6	 -10	  1.76685E+01	 -2.79857E+01	  3.18054E+01	 -1.93917E+00	  3.23196E+00	 -1.73118E+00	  2.88510E+00	   -10.730237%
   6	  -9	  1.76685E+01	 -2.55618E+01	  2.99051E+01	 -1.93917E+00	  2.90876E+00	 -1.75249E+00	  2.62855E+00	    -9.631373%
   6	  -8	  1.76685E+01	 -2.30357E+01	  2.79981E+01	 -1.93917E+00	  2.58557E+00	 -1.77354E+00	  2.36456E+00	    -8.545400%
   6	  -7	  1.76685E+01	 -2.04113E+01	  2.61109E+01	 -1.93917E+00	  2.26237E+00	 -1.79372E+00	  2.09253E+00	    -7.504489%
   6	  -6	  1.76685E+01	 -1.76943E+01	  2.42781E+01	 -1.93917E+00	  1.93917E+00	 -1.81246E+00	  1.81234E+00	    -6.537482%
   6	  -5	  1.76685E+01	 -1.48927E+01	  2.25451E+01	 -1.93917E+00	  1.61598E+00	 -1.82926E+00	  1.52428E+00	    -5.670550%
   6	  -4	  1.76685E+01	 -1.20163E+01	  2.09691E+01	 -1.93917E+00	  1.29278E+00	 -1.84367E+00	  1.22902E+00	    -4.927001%
   6	  -3	  1.76685E+01	 -9.07711E+00	  1.96195E+01	 -1.93917E+00	  9.69587E-01	 -1.85530E+00	  9.27570E-01	    -4.326787%
   6	  -2	  1.76685E+01	 -6.08901E+00	  1.85732E+01	 -1.93917E+00	  6.46391E-01	 -1.86383E+00	  6.21208E-01	    -3.885987%
   6	  -1	  1.76685E+01	 -3.06731E+00	  1.79053E+01	 -1.93917E+00	  3.23196E-01	 -1.86905E+00	  3.11444E-01	    -3.616379%
   6	   0	  1.76685E+01	 -2.84622E-02	  1.76726E+01	 -1.93917E+00	  0.00000E+00	 -1.87081E+00	 -6.33237E-05	    -3.525144%
   6	   1	  1.76685E+01	  3.01055E+00	  1.78968E+01	 -1.93917E+00	 -3.23196E-01	 -1.86906E+00	 -3.11576E-01	    -3.614709%
   6	   2	  1.76685E+01	  6.03272E+00	  1.85570E+01	 -1.93917E+00	 -6.46391E-01	 -1.86386E+00	 -6.21356E-01	    -3.882698%
   6	   3	  1.76685E+01	  9.02159E+00	  1.95968E+01	 -1.93917E+00	 -9.69587E-01	 -1.85533E+00	 -9.27743E-01	    -4.321984%
   6	   4	  1.76685E+01	  1.19618E+01	  2.09416E+01	 -1.93917E+00	 -1.29278E+00	 -1.84371E+00	 -1.22923E+00	    -4.920846%
   6	   5	  1.76685E+01	  1.48395E+01	  2.25139E+01	 -1.93917E+00	 -1.61598E+00	 -1.82930E+00	 -1.52452E+00	    -5.663269%
   6	   6	  1.76685E+01	  1.76427E+01	  2.42446E+01	 -1.93917E+00	 -1.93917E+00	 -1.81250E+00	 -1.81262E+00	    -6.529361%
   6	   7	  1.76685E+01	  2.03613E+01	  2.60759E+01	 -1.93917E+00	 -2.26237E+00	 -1.79374E+00	 -2.09284E+00	    -7.495877%
   6	   8	  1.76685E+01	  2.29875E+01	  2.79625E+01	 -1.93917E+00	 -2.58557E+00	 -1.77355E+00	 -2.36490E+00	    -8.536705%
   6	   9	  1.76685E+01	  2.55154E+01	  2.98694E+01	 -1.93917E+00	 -2.90876E+00	 -1.75248E+00	 -2.62890E+00	    -9.623072%
   6	  10	  1.76685E+01	  2.79413E+01	  3.17700E+01	 -1.93917E+00	 -3.23196E+00	 -1.73115E+00	 -2.88545E+00	   -10.722924%
   6	  11	  1.76685E+01	  3.02629E+01	  3.36448E+01	 -1.93917E+00	 -3.55515E+00	 -1.71029E+00	 -3.13576E+00	   -11.798054%
   6	  12	  1.76685E+01	  3.24798E+01	  3.54797E+01	 -1.93917E+00	 -3.87835E+00	 -1.69097E+00	 -3.38218E+00	   -12.794437%
   7	 -12	  2.03863E+01	 -3.25202E+01	  3.64650E+01	 -2.26236E+00	  3.87835E+00	 -1.96252E+00	  3.36407E+00	   -13.258525%
   7	 -11	  2.03863E+01	 -3.03053E+01	  3.47404E+01	 -2.26236E+00	  3.55515E+00	 -1.98217E+00	  3.11460E+00	   -12.389899%
   7	 -10	  2.03863E+01	 -2.79857E+01	  3.29894E+01	 -2.26236E+00	  3.23196E+00	 -2.00428E+00	  2.86304E+00	   -11.412249%
   7	  -9	  2.03863E+01	 -2.55618E+01	  3.12272E+01	 -2.26236E+00	  2.90876E+00	 -2.02727E+00	  2.60629E+00	   -10.395936%
   7	  -8	  2.03863E+01	 -2.30357E+01	  2.94741E+01	 -2.26236E+00	  2.58557E+00	 -2.05015E+00	  2.34285E+00	    -9.384255%
   7	  -7	  2.03863E+01	 -2.04113E+01	  2.77567E+01	 -2.26236E+00	  2.26237E+00	 -2.07217E+00	  2.07201E+00	    -8.410636%
   7	  -6	  2.03863E+01	 -1.76943E+01	  2.61084E+01	 -2.26236E+00	  1.93917E+00	 -2.09267E+00	  1.79358E+00	    -7.503838%
   7	  -5	  2.03863E+01	 -1.48927E+01	  2.45707E+01	 -2.26236E+00	  1.61598E+00	 -2.11109E+00	  1.50779E+00	    -6.689443%
   7	  -4	  2.03863E+01	 -1.20163E+01	  2.31932E+01	 -2.26236E+00	  1.29278E+00	 -2.12690E+00	  1.21526E+00	    -5.990027%
   7	  -3	  2.03863E+01	 -9.07711E+00	  2.20319E+01	 -2.26236E+00	  9.69587E-01	 -2.13967E+00	  9.16902E-01	    -5.424862%
   7	  -2	  2.03863E+01	 -6.08901E+00	  2.11452E+01	 -2.26236E+00	  6.46391E-01	 -2.14906E+00	  6.13924E-01	    -5.009484%
   7	  -1	  2.03863E+01	 -3.06731E+00	  2.05861E+01	 -2.26236E+00	  3.23196E-01	 -2.15479E+00	  3.07741E-01	    -4.755293%
   7	   0	  2.03863E+01	 -2.84622E-02	  2.03927E+01	 -2.26236E+00	  0.00000E+00	 -2.15673E+00	 -8.50893E-05	    -4.669257%
   7	   1	  2.03863E+01	  3.01055E+00	  2.05790E+01	 -2.26236E+00	 -3.23196E-01	 -2.15481E+00	 -3.07916E-01	    -4.753736%
   7	   2	  2.03863E+01	  6.03272E+00	  2.11316E+01	 -2.26236E+00	 -6.46391E-01	 -2.14908E+00	 -6.14114E-01	    -5.006425%
   7	   3	  2.03863E+01	  9.02159E+00	  2.20127E+01	 -2.26236E+00	 -9.69587E-01	 -2.13970E+00	 -9.17114E-01	    -5.420411%
   7	   4	  2.03863E+01	  1.19618E+01	  2.31693E+01	 -2.26236E+00	 -1.29278E+00	 -2.12693E+00	 -1.21550E+00	    -5.984351%
   7	   5	  2.03863E+01	  1.48395E+01	  2.45433E+01	 -2.26236E+00	 -1.61598E+00	 -2.11112E+00	 -1.50807E+00	    -6.682770%
   7	   6	  2.03863E+01	  1.76427E+01	  2.60784E+01	 -2.26236E+00	 -1.93917E+00	 -2.09270E+00	 -1.79388E+00	    -7.496456%
   7	   7	  2.03863E+01	  2.03613E+01	  2.77251E+01	 -2.26236E+00	 -2.26237E+00	 -2.07218E+00	 -2.07234E+00	    -8.402893%
   7	   8	  2.03863E+01	  2.29875E+01	  2.94416E+01	 -2.26236E+00	 -2.58557E+00	 -2.05015E+00	 -2.34320E+00	    -9.376564%
   7	   9	  2.03863E+01	  2.55154E+01	  3.11942E+01	 -2.26236E+00	 -2.90876E+00	 -2.02724E+00	 -2.60665E+00	   -10.388800%
   7	  10	  2.03863E+01	  2.79413E+01	  3.29565E+01	 -2.26236E+00	 -3.23196E+00	 -2.00421E+00	 -2.86338E+00	   -11.406338%
   7	  11	  2.03863E+01	  3.02629E+01	  3.47079E+01	 -2.26236E+00	 -3.55515E+00	 -1.98204E+00	 -3.11487E+00	   -12.386275%
   7	  12	  2.03863E+01	  3.24798E+01	  3.64330E+01	 -2.26236E+00	 -3.87835E+00	 -1.96229E+00	 -3.36417E+00	   -13.259311%
   8	 -12	  2.30116E+01	 -3.25202E+01	  3.74973E+01	 -2.58556E+00	  3.87835E+00	 -2.23213E+00	  3.34794E+00	   -13.673974%
   8	 -11	  2.30116E+01	 -3.03053E+01	  3.58847E+01	 -2.58556E+00	  3.55515E+00	 -2.24998E+00	  3.09347E+00	   -12.983727%
   8	 -10	  2.30116E+01	 -2.79857E+01	  3.42578E+01	 -2.58556E+00	  3.23196E+00	 -2.27213E+00	  2.83993E+00	   -12.126795%
   8	  -9	  2.30116E+01	 -2.55618E+01	  3.26323E+01	 -2.58556E+00	  2.90876E+00	 -2.29587E+00	  2.58265E+00	   -11.208132%
   8	  -8	  2.30116E+01	 -2.30357E+01	  3.10286E+01	 -2.58556E+00	  2.58557E+00	 -2.31982E+00	  2.31963E+00	   -10.281536%
   8	  -7	  2.30116E+01	 -2.04113E+01	  2.94721E+01	 -2.58556E+00	  2.26237E+00	 -2.34303E+00	  2.04997E+00	    -9.383744%
   8	  -6	  2.30116E+01	 -1.76943E+01	  2.79937E+01	 -2.58556E+00	  1.93917E+00	 -2.36472E+00	  1.77338E+00	    -8.544249%
   8	  -5	  2.30116E+01	 -1.48927E+01	  2.66302E+01	 -2.58556E+00	  1.61598E+00	 -2.38425E+00	  1.49001E+00	    -7.788365%
   8	  -4	  2.30116E+01	 -1.20163E+01	  2.54234E+01	 -2.58556E+00	  1.29278E+00	 -2.40105E+00	  1.20039E+00	    -7.138050%
   8	  -3	  2.30116E+01	 -9.07711E+00	  2.44181E+01	 -2.58556E+00	  9.69587E-01	 -2.41465E+00	  9.05369E-01	    -6.611893%
   8	  -2	  2.30116E+01	 -6.08901E+00	  2.36589E+01	 -2.58556E+00	  6.46391E-01	 -2.42464E+00	  6.06045E-01	    -6.224837%
   8	  -1	  2.30116E+01	 -3.06731E+00	  2.31843E+01	 -2.58556E+00	  3.23196E-01	 -2.43075E+00	  3.03734E-01	    -5.987843%
   8	   0	  2.30116E+01	 -2.84622E-02	  2.30208E+01	 -2.58556E+00	  0.00000E+00	 -2.43281E+00	 -1.09044E-04	    -5.907615%
   8	   1	  2.30116E+01	  3.01055E+00	  2.31783E+01	 -2.58556E+00	 -3.23196E-01	 -2.43076E+00	 -3.03956E-01	    -5.986424%
   8	   2	  2.30116E+01	  6.03272E+00	  2.36473E+01	 -2.58556E+00	 -6.46391E-01	 -2.42466E+00	 -6.06280E-01	    -6.222055%
   8	   3	  2.30116E+01	  9.02159E+00	  2.44015E+01	 -2.58556E+00	 -9.69587E-01	 -2.41467E+00	 -9.05624E-01	    -6.607861%
   8	   4	  2.30116E+01	  1.19618E+01	  2.54026E+01	 -2.58556E+00	 -1.29278E+00	 -2.40108E+00	 -1.20067E+00	    -7.132938%
   8	   5	  2.30116E+01	  1.48395E+01	  2.66060E+01	 -2.58556E+00	 -1.61598E+00	 -2.38428E+00	 -1.49032E+00	    -7.782404%
   8	   6	  2.30116E+01	  1.76427E+01	  2.79670E+01	 -2.58556E+00	 -1.93917E+00	 -2.36474E+00	 -1.77371E+00	    -8.537727%
   8	   7	  2.30116E+01	  2.03613E+01	  2.94436E+01	 -2.58556E+00	 -2.26237E+00	 -2.34303E+00	 -2.05032E+00	    -9.377015%
   8	   8	  2.30116E+01	  2.29875E+01	  3.09990E+01	 -2.58556E+00	 -2.58557E+00	 -2.31980E+00	 -2.31999E+00	   -10.275031%
   8	   9	  2.30116E+01	  2.55154E+01	  3.26020E+01	 -2.58556E+00	 -2.90876E+00	 -2.29581E+00	 -2.58300E+00	   -11.202413%
   8	  10	  2.30116E+01	  2.79413E+01	  3.42273E+01	 -2.58556E+00	 -3.23196E+00	 -2.27201E+00	 -2.84024E+00	   -12.122689%
   8	  11	  2.30116E+01	  3.02629E+01	  3.58544E+01	 -2.58556E+00	 -3.55515E+00	 -2.24977E+00	 -3.09368E+00	   -12.982718%
   8	  12	  2.30116E+01	  3.24798E+01	  3.74674E+01	 -2.58556E+00	 -3.87835E+00	 -2.23175E+00	 -3.34789E+00	   -13.679486%
   9	 -12	  2.55386E+01	 -3.25202E+01	  3.85921E+01	 -2.90875E+00	  3.87835E+00	 -2.50419E+00	  3.33867E+00	   -13.912690%
   9	 -11	  2.55386E+01	 -3.03053E+01	  3.70910E+01	 -2.90875E+00	  3.55515E+00	 -2.51545E+00	  3.07419E+00	   -13.525673%
   9	 -10	  2.55386E+01	 -2.79857E+01	  3.55860E+01	 -2.90875E+00	  3.23196E+00	 -2.53555E+00	  2.81703E+00	   -12.834702%
   9	  -9	  2.55386E+01	 -2.55618E+01	  3.40927E+01	 -2.90875E+00	  2.90876E+00	 -2.55878E+00	  2.55855E+00	   -12.035925%
   9	  -8	  2.55386E+01	 -2.30357E+01	  3.26306E+01	 -2.90875E+00	  2.58557E+00	 -2.58286E+00	  2.29566E+00	   -11.207789%
   9	  -7	  2.55386E+01	 -2.04113E+01	  3.12235E+01	 -2.90875E+00	  2.26237E+00	 -2.60648E+00	  2.02707E+00	   -10.395088%
   9	  -6	  2.55386E+01	 -1.76943E+01	  2.98991E+01	 -2.90875E+00	  1.93917E+00	 -2.62873E+00	  1.75230E+00	    -9.629902%
   9	  -5	  2.55386E+01	 -1.48927E+01	  2.86893E+01	 -2.90875E+00	  1.61598E+00	 -2.64884E+00	  1.47141E+00	    -8.938071%
   9	  -4	  2.55386E+01	 -1.20163E+01	  2.76289E+01	 -2.90875E+00	  1.29278E+00	 -2.66619E+00	  1.18481E+00	    -8.341272%
   9	  -3	  2.55386E+01	 -9.07711E+00	  2.67539E+01	 -2.90875E+00	  9.69587E-01	 -2.68024E+00	  8.93267E-01	    -7.857551%
   9	  -2	  2.55386E+01	 -6.08901E+00	  2.60984E+01	 -2.90875E+00	  6.46391E-01	 -2.69059E+00	  5.97769E-01	    -7.501289%
   9	  -1	  2.55386E+01	 -3.06731E+00	  2.56911E+01	 -2.90875E+00	  3.23196E-01	 -2.69692E+00	  2.99522E-01	    -7.282994%
   9	   0	  2.55386E+01	 -2.84622E-02	  2.55513E+01	 -2.90875E+00	  0.00000E+00	 -2.69906E+00	 -1.34501E-04	    -7.209084%
   9	   1	  2.55386E+01	  3.01055E+00	  2.56860E+01	 -2.90875E+00	 -3.23196E-01	 -2.69693E+00	 -2.99795E-01	    -7.281735%
   9	   2	  2.55386E+01	  6.03272E+00	  2.60884E+01	 -2.90875E+00	 -6.46391E-01	 -2.69060E+00	 -5.98052E-01	    -7.498828%
   9	   3	  2.55386E+01	  9.02159E+00	  2.67395E+01	 -2.90875E+00	 -9.69587E-01	 -2.68026E+00	 -8.93566E-01	    -7.854003%
   9	   4	  2.55386E+01	  1.19618E+01	  2.76107E+01	 -2.90875E+00	 -1.29278E+00	 -2.66620E+00	 -1.18513E+00	    -8.336809%
   9	   5	  2.55386E+01	  1.48395E+01	  2.86680E+01	 -2.90875E+00	 -1.61598E+00	 -2.64885E+00	 -1.47175E+00	    -8.932925%
   9	   6	  2.55386E+01	  1.76427E+01	  2.98753E+01	 -2.90875E+00	 -1.93917E+00	 -2.62872E+00	 -1.75266E+00	    -9.624368%
   9	   7	  2.55386E+01	  2.03613E+01	  3.11979E+01	 -2.90875E+00	 -2.26237E+00	 -2.60645E+00	 -2.02744E+00	   -10.389538%
   9	   8	  2.55386E+01	  2.29875E+01	  3.26037E+01	 -2.90875E+00	 -2.58557E+00	 -2.58279E+00	 -2.29603E+00	   -11.202705%
   9	   9	  2.55386E+01	  2.55154E+01	  3.40650E+01	 -2.90875E+00	 -2.90876E+00	 -2.55866E+00	 -2.55889E+00	   -12.031999%
   9	  10	  2.55386E+01	  2.79413E+01	  3.55579E+01	 -2.90875E+00	 -3.23196E+00	 -2.53535E+00	 -2.81730E+00	   -12.833090%
   9	  11	  2.55386E+01	  3.02629E+01	  3.70629E+01	 -2.90875E+00	 -3.55515E+00	 -2.51511E+00	 -3.07428E+00	   -13.528774%
   9	  12	  2.55386E+01	  3.24798E+01	  3.85641E+01	 -2.90875E+00	 -3.87835E+00	 -2.50352E+00	 -3.33828E+00	   -13.927399%
  10	 -12	  2.79635E+01	 -3.25202E+01	  3.97323E+01	 -3.23195E+00	  3.87835E+00	 -2.79474E+00	  3.35345E+00	   -13.531487%
  10	 -11	  2.79635E+01	 -3.03053E+01	  3.83400E+01	 -3.23195E+00	  3.55515E+00	 -2.78324E+00	  3.06131E+00	   -13.887563%
  10	 -10	  2.79635E+01	 -2.79857E+01	  3.69524E+01	 -3.23195E+00	  3.23196E+00	 -2.79671E+00	  2.79646E+00	   -13.470688%
  10	  -9	  2.79635E+01	 -2.55618E+01	  3.55846E+01	 -3.23195E+00	  2.90876E+00	 -2.81726E+00	  2.53530E+00	   -12.834601%
  10	  -8	  2.79635E+01	 -2.30357E+01	  3.42547E+01	 -3.23195E+00	  2.58557E+00	 -2.84015E+00	  2.27189E+00	   -12.126338%
  10	  -7	  2.79635E+01	 -2.04113E+01	  3.29845E+01	 -3.23195E+00	  2.26237E+00	 -2.86325E+00	  2.00406E+00	   -11.411288%
  10	  -6	  2.79635E+01	 -1.76943E+01	  3.17983E+01	 -3.23195E+00	  1.93917E+00	 -2.88530E+00	  1.73097E+00	   -10.728671%
  10	  -5	  2.79635E+01	 -1.48927E+01	  3.07235E+01	 -3.23195E+00	  1.61598E+00	 -2.90538E+00	  1.45250E+00	   -10.106746%
  10	  -4	  2.79635E+01	 -1.20163E+01	  2.97889E+01	 -3.23195E+00	  1.29278E+00	 -2.92279E+00	  1.16893E+00	    -9.567768%
  10	  -3	  2.79635E+01	 -9.07711E+00	  2.90234E+01	 -3.23195E+00	  9.69587E-01	 -2.93693E+00	  8.80907E-01	    -9.129636%
  10	  -2	  2.79635E+01	 -6.08901E+00	  2.84535E+01	 -3.23195E+00	  6.46391E-01	 -2.94736E+00	  5.89307E-01	    -8.806354%
  10	  -1	  2.79635E+01	 -3.06731E+00	  2.81010E+01	 -3.23195E+00	  3.23196E-01	 -2.95376E+00	  2.95214E-01	    -8.608058%
  10	   0	  2.79635E+01	 -2.84622E-02	  2.79804E+01	 -3.23195E+00	  0.00000E+00	 -2.95591E+00	 -1.60700E-04	    -8.540904%
  10	   1	  2.79635E+01	  3.01055E+00	  2.80966E+01	 -3.23195E+00	 -3.23196E-01	 -2.95376E+00	 -2.95538E-01	    -8.606980%
  10	   2	  2.79635E+01	  6.03272E+00	  2.84448E+01	 -3.23195E+00	 -6.46391E-01	 -2.94737E+00	 -5.89639E-01	    -8.804257%
  10	   3	  2.79635E+01	  9.02159E+00	  2.90108E+01	 -3.23195E+00	 -9.69587E-01	 -2.93693E+00	 -8.81252E-01	    -9.126635%
  10	   4	  2.79635E+01	  1.19618E+01	  2.97729E+01	 -3.23195E+00	 -1.29278E+00	 -2.92278E+00	 -1.16929E+00	    -9.564039%
  10	   5	  2.79635E+01	  1.48395E+01	  3.07046E+01	 -3.23195E+00	 -1.61598E+00	 -2.90536E+00	 -1.45287E+00	   -10.102530%
  10	   6	  2.79635E+01	  1.76427E+01	  3.17771E+01	 -3.23195E+00	 -1.93917E+00	 -2.88526E+00	 -1.73136E+00	   -10.724283%
  10	   7	  2.79635E+01	  2.03613E+01	  3.29614E+01	 -3.23195E+00	 -2.26237E+00	 -2.86318E+00	 -2.00444E+00	   -11.407150%
  10	   8	  2.79635E+01	  2.29875E+01	  3.42304E+01	 -3.23195E+00	 -2.58557E+00	 -2.84003E+00	 -2.27225E+00	   -12.123054%
  10	   9	  2.79635E+01	  2.55154E+01	  3.55593E+01	 -3.23195E+00	 -2.90876E+00	 -2.81707E+00	 -2.53561E+00	   -12.833149%
  10	  10	  2.79635E+01	  2.79413E+01	  3.69266E+01	 -3.23195E+00	 -3.23196E+00	 -2.79639E+00	 -2.79664E+00	   -13.472982%
  10	  11	  2.79635E+01	  3.02629E+01	  3.83140E+01	 -3.23195E+00	 -3.55515E+00	 -2.78263E+00	 -3.06115E+00	   -13.898505%
  10	  12	  2.79635E+01	  3.24798E+01	  3.97063E+01	 -3.23195E+00	 -3.87835E+00	 -2.79313E+00	 -3.35199E+00	   -13.574032%
  11	 -11	  3.02841E+01	 -3.03053E+01	  3.96150E+01	 -3.55514E+00	  3.55515E+00	 -3.07048E+00	  3.07024E+00	   -13.636162%
  11	 -10	  3.02841E+01	 -2.79857E+01	  3.83389E+01	 -3.55514E+00	  3.23196E+00	 -3.06153E+00	  2.78296E+00	   -13.888046%
  11	  -9	  3.02841E+01	 -2.55618E+01	  3.70885E+01	 -3.55514E+00	  2.90876E+00	 -3.07440E+00	  2.51517E+00	   -13.525919%
  11	  -8	  3.02841E+01	 -2.30357E+01	  3.58806E+01	 -3.55514E+00	  2.58557E+00	 -3.09368E+00	  2.24970E+00	   -12.983528%
  11	  -7	  3.02841E+01	 -2.04113E+01	  3.47345E+01	 -3.55514E+00	  2.26237E+00	 -3.11480E+00	  1.98191E+00	   -12.389153%
  11	  -6	  3.02841E+01	 -1.76943E+01	  3.36717E+01	 -3.55514E+00	  1.93917E+00	 -3.13566E+00	  1.71013E+00	   -11.802172%
  11	  -5	  3.02841E+01	 -1.48927E+01	  3.27152E+01	 -3.55514E+00	  1.61598E+00	 -3.15498E+00	  1.43387E+00	   -11.258259%
  11	  -4	  3.02841E+01	 -1.20163E+01	  3.18890E+01	 -3.55514E+00	  1.29278E+00	 -3.17188E+00	  1.15321E+00	   -10.782418%
  11	  -3	  3.02841E+01	 -9.07711E+00	  3.12162E+01	 -3.55514E+00	  9.69587E-01	 -3.18569E+00	  8.68628E-01	   -10.393434%
  11	  -2	  3.02841E+01	 -6.08901E+00	  3.07178E+01	 -3.55514E+00	  6.46391E-01	 -3.19591E+00	  5.80884E-01	   -10.105443%
  11	  -1	  3.02841E+01	 -3.06731E+00	  3.04107E+01	 -3.55514E+00	  3.23196E-01	 -3.20219E+00	  2.90920E-01	    -9.928459%
  11	   0	  3.02841E+01	 -2.84622E-02	  3.03058E+01	 -3.55514E+00	  0.00000E+00	 -3.20430E+00	 -1.86820E-04	    -9.868497%
  11	   1	  3.02841E+01	  3.01055E+00	  3.04069E+01	 -3.55514E+00	 -3.23196E-01	 -3.20219E+00	 -2.91296E-01	    -9.927585%
  11	   2	  3.02841E+01	  6.03272E+00	  3.07103E+01	 -3.55514E+00	 -6.46391E-01	 -3.19591E+00	 -5.81265E-01	   -10.103757%
  11	   3	  3.02841E+01	  9.02159E+00	  3.12052E+01	 -3.55514E+00	 -9.69587E-01	 -3.18568E+00	 -8.69018E-01	   -10.391055%
  11	   4	  3.02841E+01	  1.19618E+01	  3.18749E+01	 -3.55514E+00	 -1.29278E+00	 -3.17185E+00	 -1.15360E+00	   -10.779535%
  11	   5	  3.02841E+01	  1.48395E+01	  3.26985E+01	 -3.55514E+00	 -1.61598E+00	 -3.15493E+00	 -1.43427E+00	   -11.255136%
  11	   6	  3.02841E+01	  1.76427E+01	  3.36527E+01	 -3.55514E+00	 -1.93917E+00	 -3.13557E+00	 -1.71054E+00	   -11.799184%
  11	   7	  3.02841E+01	  2.03613E+01	  3.47138E+01	 -3.55514E+00	 -2.26237E+00	 -3.11467E+00	 -1.98230E+00	   -12.386846%
  11	   8	  3.02841E+01	  2.29875E+01	  3.58585E+01	 -3.55514E+00	 -2.58557E+00	 -3.09347E+00	 -2.25004E+00	   -12.982794%
  11	   9	  3.02841E+01	  2.55154E+01	  3.70654E+01	 -3.55514E+00	 -2.90876E+00	 -3.07407E+00	 -2.51540E+00	   -13.528456%
  11	  10	  3.02841E+01	  2.79413E+01	  3.83152E+01	 -3.55514E+00	 -3.23196E+00	 -3.06093E+00	 -2.78292E+00	   -13.897994%
  11	  11	  3.02841E+01	  3.02629E+01	  3.95910E+01	 -3.55514E+00	 -3.55515E+00	 -3.06903E+00	 -3.06926E+00	   -13.670378%
  12	 -10	  3.25000E+01	 -2.79857E+01	  3.97301E+01	 -3.87834E+00	  3.23196E+00	 -3.35352E+00	  2.79437E+00	   -13.535046%
  12	  -9	  3.25000E+01	 -2.55618E+01	  3.85886E+01	 -3.87834E+00	  2.90876E+00	 -3.33881E+00	  2.50386E+00	   -13.914490%
  12	  -8	  3.25000E+01	 -2.30357E+01	  3.74923E+01	 -3.87834E+00	  2.58557E+00	 -3.34810E+00	  2.23181E+00	   -13.674825%
  12	  -7	  3.25000E+01	 -2.04113E+01	  3.64583E+01	 -3.87834E+00	  2.26237E+00	 -3.36424E+00	  1.96222E+00	   -13.258594%
  12	  -6	  3.25000E+01	 -1.76943E+01	  3.55051E+01	 -3.87834E+00	  1.93917E+00	 -3.38217E+00	  1.69084E+00	   -12.795917%
  12	  -5	  3.25000E+01	 -1.48927E+01	  3.46523E+01	 -3.87834E+00	  1.61598E+00	 -3.39961E+00	  1.41627E+00	   -12.345891%
  12	  -4	  3.25000E+01	 -1.20163E+01	  3.39197E+01	 -3.87834E+00	  1.29278E+00	 -3.41523E+00	  1.13818E+00	   -11.942586%
  12	  -3	  3.25000E+01	 -9.07711E+00	  3.33260E+01	 -3.87834E+00	  9.69587E-01	 -3.42817E+00	  8.56823E-01	   -11.608498%
  12	  -2	  3.25000E+01	 -6.08901E+00	  3.28880E+01	 -3.87834E+00	  6.46391E-01	 -3.43782E+00	  5.72755E-01	   -11.359268%
  12	  -1	  3.25000E+01	 -3.06731E+00	  3.26189E+01	 -3.87834E+00	  3.23196E-01	 -3.44377E+00	  2.86768E-01	   -11.205470%
  12	   0	  3.25000E+01	 -2.84622E-02	  3.25271E+01	 -3.87834E+00	  0.00000E+00	 -3.44578E+00	 -2.11879E-04	   -11.153303%
  12	   1	  3.25000E+01	  3.01055E+00	  3.26155E+01	 -3.87834E+00	 -3.23196E-01	 -3.44376E+00	 -2.87193E-01	   -11.204835%
  12	   2	  3.25000E+01	  6.03272E+00	  3.28814E+01	 -3.87834E+00	 -6.46391E-01	 -3.43780E+00	 -5.73182E-01	   -11.358063%
  12	   3	  3.25000E+01	  9.02159E+00	  3.33163E+01	 -3.87834E+00	 -9.69587E-01	 -3.42813E+00	 -8.57254E-01	   -11.606862%
  12	   4	  3.25000E+01	  1.19618E+01	  3.39072E+01	 -3.87834E+00	 -1.29278E+00	 -3.41517E+00	 -1.13862E+00	   -11.940740%
  12	   5	  3.25000E+01	  1.48395E+01	  3.46374E+01	 -3.87834E+00	 -1.61598E+00	 -3.39951E+00	 -1.41670E+00	   -12.344173%
  12	   6	  3.25000E+01	  1.76427E+01	  3.54882E+01	 -3.87834E+00	 -1.93917E+00	 -3.38202E+00	 -1.69125E+00	   -12.794850%
  12	   7	  3.25000E+01	  2.03613E+01	  3.64397E+01	 -3.87834E+00	 -2.26237E+00	 -3.36400E+00	 -1.96258E+00	   -13.259052%
  12	   8	  3.25000E+01	  2.29875E+01	  3.74724E+01	 -3.87834E+00	 -2.58557E+00	 -3.34772E+00	 -2.23207E+00	   -13.678500%
  12	   9	  3.25000E+01	  2.55154E+01	  3.85676E+01	 -3.87834E+00	 -2.90876E+00	 -3.33814E+00	 -2.50386E+00	   -13.925522%
  12	  10	  3.25000E+01	  2.79413E+01	  3.97084E+01	 -3.87834E+00	 -3.23196E+00	 -3.35192E+00	 -2.79350E+00	   -13.570499%


Maximum distortion: -13.9274%
Predicted coordinate ABCD matrix:
A =       -6.088
B =            0
C =            0
D =       -6.088

SMIA TV Distortion 0.0000%
