Listing of Grid Distortion Data

File : F:\Dropbox\Eduardo Fundus camera\Real 3mm pupil\fund41 MTF 3mm pupil 2mm air gap 90deg field..zmx
Title: 
Date : 8/21/2018
Configuration 1 of 5

Units are Millimeters.
Field units are degrees
WARNING: Field units have been changed from real image height to field angle.
Wavelength: 0.63000 ?m
Reference Coordinates: Xref =  0.00000E+00, Yref = -9.43229E-05
 -12  -12 Ray Error
 -12  -11 Ray Error
 -12   11 Ray Error
 -12   12 Ray Error
 -11  -12 Ray Error
 -11   12 Ray Error
  11  -12 Ray Error
  11   12 Ray Error
  12  -12 Ray Error
  12  -11 Ray Error
  12   11 Ray Error
  12   12 Ray Error

   i	   j	   X-Field  	   Y-Field  	   R-Field  	  Predicted X	  Predicted Y	   Real X	        Real Y	        Distortion
 -12	 -10	 -3.25000E+01	 -2.79857E+01	  3.97277E+01	  3.87995E+00	  3.23331E+00	  3.39820E+00	  2.83165E+00	   -12.418930%
 -12	  -9	 -3.25000E+01	 -2.55618E+01	  3.85863E+01	  3.87995E+00	  2.90998E+00	  3.35872E+00	  2.51882E+00	   -13.436783%
 -12	  -8	 -3.25000E+01	 -2.30357E+01	  3.74901E+01	  3.87995E+00	  2.58665E+00	  3.36160E+00	  2.24084E+00	   -13.362480%
 -12	  -7	 -3.25000E+01	 -2.04113E+01	  3.64562E+01	  3.87995E+00	  2.26332E+00	  3.37486E+00	  1.96844E+00	   -13.020575%
 -12	  -6	 -3.25000E+01	 -1.76943E+01	  3.55031E+01	  3.87995E+00	  1.93999E+00	  3.39122E+00	  1.69538E+00	   -12.598584%
 -12	  -5	 -3.25000E+01	 -1.48927E+01	  3.46504E+01	  3.87995E+00	  1.61665E+00	  3.40772E+00	  1.41966E+00	   -12.173162%
 -12	  -4	 -3.25000E+01	 -1.20163E+01	  3.39178E+01	  3.87995E+00	  1.29332E+00	  3.42274E+00	  1.14070E+00	   -11.785565%
 -12	  -3	 -3.25000E+01	 -9.07711E+00	  3.33242E+01	  3.87995E+00	  9.69993E-01	  3.43529E+00	  8.58613E-01	   -11.461695%
 -12	  -2	 -3.25000E+01	 -6.08901E+00	  3.28862E+01	  3.87995E+00	  6.46662E-01	  3.44469E+00	  5.73911E-01	   -11.218934%
 -12	  -1	 -3.25000E+01	 -3.06731E+00	  3.26171E+01	  3.87995E+00	  3.23331E-01	  3.45050E+00	  2.87340E-01	   -11.068765%
 -12	   0	 -3.25000E+01	 -2.84622E-02	  3.25253E+01	  3.87995E+00	 -0.00000E+00	  3.45246E+00	 -2.01220E-04	   -11.017827%
 -12	   1	 -3.25000E+01	  3.01055E+00	  3.26137E+01	  3.87995E+00	 -3.23331E-01	  3.45049E+00	 -2.87743E-01	   -11.068322%
 -12	   2	 -3.25000E+01	  6.03272E+00	  3.28796E+01	  3.87995E+00	 -6.46662E-01	  3.44466E+00	 -5.74314E-01	   -11.218123%
 -12	   3	 -3.25000E+01	  9.02159E+00	  3.33145E+01	  3.87995E+00	 -9.69993E-01	  3.43523E+00	 -8.59017E-01	   -11.460676%
 -12	   4	 -3.25000E+01	  1.19618E+01	  3.39053E+01	  3.87995E+00	 -1.29332E+00	  3.42265E+00	 -1.14110E+00	   -11.784600%
 -12	   5	 -3.25000E+01	  1.48395E+01	  3.46355E+01	  3.87995E+00	 -1.61665E+00	  3.40758E+00	 -1.42005E+00	   -12.172655%
 -12	   6	 -3.25000E+01	  1.76427E+01	  3.54861E+01	  3.87995E+00	 -1.93999E+00	  3.39102E+00	 -1.69574E+00	   -12.599181%
 -12	   7	 -3.25000E+01	  2.03613E+01	  3.64376E+01	  3.87995E+00	 -2.26332E+00	  3.37455E+00	 -1.96872E+00	   -13.023400%
 -12	   8	 -3.25000E+01	  2.29875E+01	  3.74702E+01	  3.87995E+00	 -2.58665E+00	  3.36110E+00	 -2.24097E+00	   -13.369814%
 -12	   9	 -3.25000E+01	  2.55154E+01	  3.85653E+01	  3.87995E+00	 -2.90998E+00	  3.35780E+00	 -2.51858E+00	   -13.454876%
 -12	  10	 -3.25000E+01	  2.79413E+01	  3.97060E+01	  3.87995E+00	 -3.23331E+00	  3.39544E+00	 -2.82972E+00	   -12.485222%
 -11	 -11	 -3.02841E+01	 -3.03053E+01	  3.96126E+01	  3.55662E+00	  3.55664E+00	  3.10662E+00	  3.10642E+00	   -12.655486%
 -11	 -10	 -3.02841E+01	 -2.79857E+01	  3.83366E+01	  3.55662E+00	  3.23331E+00	  3.07794E+00	  2.79790E+00	   -13.462258%
 -11	  -9	 -3.02841E+01	 -2.55618E+01	  3.70863E+01	  3.55662E+00	  2.90998E+00	  3.08556E+00	  2.52432E+00	   -13.247914%
 -11	  -8	 -3.02841E+01	 -2.30357E+01	  3.58785E+01	  3.55662E+00	  2.58665E+00	  3.10248E+00	  2.25612E+00	   -12.772159%
 -11	  -7	 -3.02841E+01	 -2.04113E+01	  3.47326E+01	  3.55662E+00	  2.26332E+00	  3.12231E+00	  1.98670E+00	   -12.214274%
 -11	  -6	 -3.02841E+01	 -1.76943E+01	  3.36698E+01	  3.55662E+00	  1.93999E+00	  3.14238E+00	  1.71382E+00	   -11.649509%
 -11	  -5	 -3.02841E+01	 -1.48927E+01	  3.27134E+01	  3.55662E+00	  1.61665E+00	  3.16120E+00	  1.43671E+00	   -11.120063%
 -11	  -4	 -3.02841E+01	 -1.20163E+01	  3.18872E+01	  3.55662E+00	  1.29332E+00	  3.17776E+00	  1.15535E+00	   -10.654028%
 -11	  -3	 -3.02841E+01	 -9.07711E+00	  3.12145E+01	  3.55662E+00	  9.69993E-01	  3.19134E+00	  8.70178E-01	   -10.271749%
 -11	  -2	 -3.02841E+01	 -6.08901E+00	  3.07162E+01	  3.55662E+00	  6.46662E-01	  3.20141E+00	  5.81892E-01	    -9.988178%
 -11	  -1	 -3.02841E+01	 -3.06731E+00	  3.04091E+01	  3.55662E+00	  3.23331E-01	  3.20760E+00	  2.91421E-01	    -9.813747%
 -11	   0	 -3.02841E+01	 -2.84622E-02	  3.03042E+01	  3.55662E+00	 -0.00000E+00	  3.20968E+00	 -1.78009E-04	    -9.754672%
 -11	   1	 -3.02841E+01	  3.01055E+00	  3.04053E+01	  3.55662E+00	 -3.23331E-01	  3.20759E+00	 -2.91778E-01	    -9.813040%
 -11	   2	 -3.02841E+01	  6.03272E+00	  3.07086E+01	  3.55662E+00	 -6.46662E-01	  3.20139E+00	 -5.82254E-01	    -9.986829%
 -11	   3	 -3.02841E+01	  9.02159E+00	  3.12035E+01	  3.55662E+00	 -9.69993E-01	  3.19131E+00	 -8.70545E-01	   -10.269891%
 -11	   4	 -3.02841E+01	  1.19618E+01	  3.18732E+01	  3.55662E+00	 -1.29332E+00	  3.17771E+00	 -1.15573E+00	   -10.651870%
 -11	   5	 -3.02841E+01	  1.48395E+01	  3.26967E+01	  3.55662E+00	 -1.61665E+00	  3.16112E+00	 -1.43708E+00	   -11.117910%
 -11	   6	 -3.02841E+01	  1.76427E+01	  3.36509E+01	  3.55662E+00	 -1.93999E+00	  3.14227E+00	 -1.71418E+00	   -11.647802%
 -11	   7	 -3.02841E+01	  2.03613E+01	  3.47118E+01	  3.55662E+00	 -2.26332E+00	  3.12213E+00	 -1.98703E+00	   -12.213681%
 -11	   8	 -3.02841E+01	  2.29875E+01	  3.58565E+01	  3.55662E+00	 -2.58665E+00	  3.10220E+00	 -2.25637E+00	   -12.773807%
 -11	   9	 -3.02841E+01	  2.55154E+01	  3.70632E+01	  3.55662E+00	 -2.90998E+00	  3.08512E+00	 -2.52442E+00	   -13.254052%
 -11	  10	 -3.02841E+01	  2.79413E+01	  3.83129E+01	  3.55662E+00	 -3.23331E+00	  3.07712E+00	 -2.79761E+00	   -13.478913%
 -11	  11	 -3.02841E+01	  3.02629E+01	  3.95886E+01	  3.55662E+00	 -3.55664E+00	  3.10425E+00	 -3.10445E+00	   -12.716566%
 -10	 -12	 -2.79635E+01	 -3.25202E+01	  3.97299E+01	  3.23329E+00	  3.87997E+00	  2.83207E+00	  3.39829E+00	   -12.412267%
 -10	 -11	 -2.79635E+01	 -3.03053E+01	  3.83377E+01	  3.23329E+00	  3.55664E+00	  2.79816E+00	  3.07775E+00	   -13.461468%
 -10	 -10	 -2.79635E+01	 -2.79857E+01	  3.69502E+01	  3.23329E+00	  3.23331E+00	  2.80654E+00	  2.80631E+00	   -13.202434%
 -10	  -9	 -2.79635E+01	 -2.55618E+01	  3.55825E+01	  3.23329E+00	  2.90998E+00	  2.82491E+00	  2.54219E+00	   -12.634321%
 -10	  -8	 -2.79635E+01	 -2.30357E+01	  3.42528E+01	  3.23329E+00	  2.58665E+00	  2.84662E+00	  2.27708E+00	   -11.962424%
 -10	  -7	 -2.79635E+01	 -2.04113E+01	  3.29826E+01	  3.23329E+00	  2.26332E+00	  2.86902E+00	  2.00811E+00	   -11.269332%
 -10	  -6	 -2.79635E+01	 -1.76943E+01	  3.17966E+01	  3.23329E+00	  1.93999E+00	  2.89061E+00	  1.73417E+00	   -10.601141%
 -10	  -5	 -2.79635E+01	 -1.48927E+01	  3.07219E+01	  3.23329E+00	  1.61665E+00	  2.91038E+00	  1.45501E+00	    -9.989284%
 -10	  -4	 -2.79635E+01	 -1.20163E+01	  2.97873E+01	  3.23329E+00	  1.29332E+00	  2.92756E+00	  1.17085E+00	    -9.457571%
 -10	  -3	 -2.79635E+01	 -9.07711E+00	  2.90218E+01	  3.23329E+00	  9.69993E-01	  2.94154E+00	  8.82298E-01	    -9.024685%
 -10	  -2	 -2.79635E+01	 -6.08901E+00	  2.84520E+01	  3.23329E+00	  6.46662E-01	  2.95186E+00	  5.90214E-01	    -8.705013%
 -10	  -1	 -2.79635E+01	 -3.06731E+00	  2.80996E+01	  3.23329E+00	  3.23331E-01	  2.95819E+00	  2.95664E-01	    -8.508865%
 -10	   0	 -2.79635E+01	 -2.84622E-02	  2.79789E+01	  3.23329E+00	 -0.00000E+00	  2.96032E+00	 -1.53177E-04	    -8.442474%
 -10	   1	 -2.79635E+01	  3.01055E+00	  2.80951E+01	  3.23329E+00	 -3.23331E-01	  2.95819E+00	 -2.95973E-01	    -8.507943%
 -10	   2	 -2.79635E+01	  6.03272E+00	  2.84433E+01	  3.23329E+00	 -6.46662E-01	  2.95186E+00	 -5.90530E-01	    -8.703229%
 -10	   3	 -2.79635E+01	  9.02159E+00	  2.90093E+01	  3.23329E+00	 -9.69993E-01	  2.94153E+00	 -8.82624E-01	    -9.022160%
 -10	   4	 -2.79635E+01	  1.19618E+01	  2.97714E+01	  3.23329E+00	 -1.29332E+00	  2.92754E+00	 -1.17119E+00	    -9.454492%
 -10	   5	 -2.79635E+01	  1.48395E+01	  3.07030E+01	  3.23329E+00	 -1.61665E+00	  2.91035E+00	 -1.45536E+00	    -9.985912%
 -10	   6	 -2.79635E+01	  1.76427E+01	  3.17753E+01	  3.23329E+00	 -1.93999E+00	  2.89055E+00	 -1.73452E+00	   -10.597835%
 -10	   7	 -2.79635E+01	  2.03613E+01	  3.29596E+01	  3.23329E+00	 -2.26332E+00	  2.86892E+00	 -2.00845E+00	   -11.266585%
 -10	   8	 -2.79635E+01	  2.29875E+01	  3.42284E+01	  3.23329E+00	 -2.58665E+00	  2.84646E+00	 -2.27738E+00	   -11.960973%
 -10	   9	 -2.79635E+01	  2.55154E+01	  3.55572E+01	  3.23329E+00	 -2.90998E+00	  2.82464E+00	 -2.54241E+00	   -12.635402%
 -10	  10	 -2.79635E+01	  2.79413E+01	  3.69244E+01	  3.23329E+00	 -3.23331E+00	  2.80611E+00	 -2.80634E+00	   -13.208570%
 -10	  11	 -2.79635E+01	  3.02629E+01	  3.83117E+01	  3.23329E+00	 -3.55664E+00	  2.79734E+00	 -3.07731E+00	   -13.479789%
 -10	  12	 -2.79635E+01	  3.24798E+01	  3.97038E+01	  3.23329E+00	 -3.87997E+00	  2.82931E+00	 -3.39536E+00	   -12.491821%
  -9	 -12	 -2.55386E+01	 -3.25202E+01	  3.85898E+01	  2.90996E+00	  3.87997E+00	  2.51916E+00	  3.35865E+00	   -13.433887%
  -9	 -11	 -2.55386E+01	 -3.03053E+01	  3.70889E+01	  2.90996E+00	  3.55664E+00	  2.52459E+00	  3.08538E+00	   -13.247331%
  -9	 -10	 -2.55386E+01	 -2.79857E+01	  3.55839E+01	  2.90996E+00	  3.23331E+00	  2.54243E+00	  2.82469E+00	   -12.634316%
  -9	  -9	 -2.55386E+01	 -2.55618E+01	  3.40908E+01	  2.90996E+00	  2.90998E+00	  2.56451E+00	  2.56429E+00	   -11.875284%
  -9	  -8	 -2.55386E+01	 -2.30357E+01	  3.26289E+01	  2.90996E+00	  2.58665E+00	  2.58792E+00	  2.30017E+00	   -11.070554%
  -9	  -7	 -2.55386E+01	 -2.04113E+01	  3.12218E+01	  2.90996E+00	  2.26332E+00	  2.61111E+00	  2.03068E+00	   -10.273159%
  -9	  -6	 -2.55386E+01	 -1.76943E+01	  2.98975E+01	  2.90996E+00	  1.93999E+00	  2.63305E+00	  1.75519E+00	    -9.518833%
  -9	  -5	 -2.55386E+01	 -1.48927E+01	  2.86878E+01	  2.90996E+00	  1.61665E+00	  2.65293E+00	  1.47369E+00	    -8.835156%
  -9	  -4	 -2.55386E+01	 -1.20163E+01	  2.76275E+01	  2.90996E+00	  1.29332E+00	  2.67010E+00	  1.18656E+00	    -8.244636%
  -9	  -3	 -2.55386E+01	 -9.07711E+00	  2.67525E+01	  2.90996E+00	  9.69993E-01	  2.68403E+00	  8.94535E-01	    -7.765695%
  -9	  -2	 -2.55386E+01	 -6.08901E+00	  2.60971E+01	  2.90996E+00	  6.46662E-01	  2.69428E+00	  5.98595E-01	    -7.412854%
  -9	  -1	 -2.55386E+01	 -3.06731E+00	  2.56898E+01	  2.90996E+00	  3.23331E-01	  2.70055E+00	  2.99932E-01	    -7.196650%
  -9	   0	 -2.55386E+01	 -2.84622E-02	  2.55501E+01	  2.90996E+00	 -0.00000E+00	  2.70267E+00	 -1.27989E-04	    -7.123492%
  -9	   1	 -2.55386E+01	  3.01055E+00	  2.56847E+01	  2.90996E+00	 -3.23331E-01	  2.70056E+00	 -3.00191E-01	    -7.195546%
  -9	   2	 -2.55386E+01	  6.03272E+00	  2.60871E+01	  2.90996E+00	 -6.46662E-01	  2.69428E+00	 -5.98863E-01	    -7.410702%
  -9	   3	 -2.55386E+01	  9.02159E+00	  2.67382E+01	  2.90996E+00	 -9.69993E-01	  2.68403E+00	 -8.94817E-01	    -7.762610%
  -9	   4	 -2.55386E+01	  1.19618E+01	  2.76093E+01	  2.90996E+00	 -1.29332E+00	  2.67010E+00	 -1.18686E+00	    -8.240792%
  -9	   5	 -2.55386E+01	  1.48395E+01	  2.86665E+01	  2.90996E+00	 -1.61665E+00	  2.65292E+00	 -1.47401E+00	    -8.830796%
  -9	   6	 -2.55386E+01	  1.76427E+01	  2.98737E+01	  2.90996E+00	 -1.93999E+00	  2.63302E+00	 -1.75552E+00	    -9.514277%
  -9	   7	 -2.55386E+01	  2.03613E+01	  3.11962E+01	  2.90996E+00	 -2.26332E+00	  2.61106E+00	 -2.03101E+00	   -10.268824%
  -9	   8	 -2.55386E+01	  2.29875E+01	  3.26019E+01	  2.90996E+00	 -2.58665E+00	  2.58782E+00	 -2.30049E+00	   -11.067010%
  -9	   9	 -2.55386E+01	  2.55154E+01	  3.40631E+01	  2.90996E+00	 -2.90998E+00	  2.56435E+00	 -2.56457E+00	   -11.873378%
  -9	  10	 -2.55386E+01	  2.79413E+01	  3.55558E+01	  2.90996E+00	 -3.23331E+00	  2.54217E+00	 -2.82486E+00	   -12.635517%
  -9	  11	 -2.55386E+01	  3.02629E+01	  3.70607E+01	  2.90996E+00	 -3.55664E+00	  2.52414E+00	 -3.08530E+00	   -13.254834%
  -9	  12	 -2.55386E+01	  3.24798E+01	  3.85618E+01	  2.90996E+00	 -3.87997E+00	  2.51824E+00	 -3.35788E+00	   -13.458011%
  -8	 -12	 -2.30116E+01	 -3.25202E+01	  3.74951E+01	  2.58663E+00	  3.87997E+00	  2.24115E+00	  3.36150E+00	   -13.360835%
  -8	 -11	 -2.30116E+01	 -3.03053E+01	  3.58827E+01	  2.58663E+00	  3.55664E+00	  2.25638E+00	  3.10230E+00	   -12.772011%
  -8	 -10	 -2.30116E+01	 -2.79857E+01	  3.42559E+01	  2.58663E+00	  3.23331E+00	  2.27731E+00	  2.84643E+00	   -11.962724%
  -8	  -9	 -2.30116E+01	 -2.55618E+01	  3.26305E+01	  2.58663E+00	  2.90998E+00	  2.30038E+00	  2.58772E+00	   -11.070840%
  -8	  -8	 -2.30116E+01	 -2.30357E+01	  3.10270E+01	  2.58663E+00	  2.58665E+00	  2.32389E+00	  2.32371E+00	   -10.161340%
  -8	  -7	 -2.30116E+01	 -2.04113E+01	  2.94705E+01	  2.58663E+00	  2.26332E+00	  2.34679E+00	  2.05328E+00	    -9.275667%
  -8	  -6	 -2.30116E+01	 -1.76943E+01	  2.79923E+01	  2.58663E+00	  1.93999E+00	  2.36826E+00	  1.77604E+00	    -8.445475%
  -8	  -5	 -2.30116E+01	 -1.48927E+01	  2.66288E+01	  2.58663E+00	  1.61665E+00	  2.38760E+00	  1.49211E+00	    -7.697089%
  -8	  -4	 -2.30116E+01	 -1.20163E+01	  2.54221E+01	  2.58663E+00	  1.29332E+00	  2.40425E+00	  1.20200E+00	    -7.052896%
  -8	  -3	 -2.30116E+01	 -9.07711E+00	  2.44169E+01	  2.58663E+00	  9.69993E-01	  2.41772E+00	  9.06529E-01	    -6.531615%
  -8	  -2	 -2.30116E+01	 -6.08901E+00	  2.36578E+01	  2.58663E+00	  6.46662E-01	  2.42763E+00	  6.06798E-01	    -6.148163%
  -8	  -1	 -2.30116E+01	 -3.06731E+00	  2.31831E+01	  2.58663E+00	  3.23331E-01	  2.43369E+00	  3.04106E-01	    -5.913416%
  -8	   0	 -2.30116E+01	 -2.84622E-02	  2.30197E+01	  2.58663E+00	 -0.00000E+00	  2.43573E+00	 -1.03437E-04	    -5.834001%
  -8	   1	 -2.30116E+01	  3.01055E+00	  2.31772E+01	  2.58663E+00	 -3.23331E-01	  2.43369E+00	 -3.04317E-01	    -5.912159%
  -8	   2	 -2.30116E+01	  6.03272E+00	  2.36462E+01	  2.58663E+00	 -6.46662E-01	  2.42764E+00	 -6.07019E-01	    -6.145700%
  -8	   3	 -2.30116E+01	  9.02159E+00	  2.44003E+01	  2.58663E+00	 -9.69993E-01	  2.41774E+00	 -9.06768E-01	    -6.528056%
  -8	   4	 -2.30116E+01	  1.19618E+01	  2.54013E+01	  2.58663E+00	 -1.29332E+00	  2.40427E+00	 -1.20226E+00	    -7.048406%
  -8	   5	 -2.30116E+01	  1.48395E+01	  2.66047E+01	  2.58663E+00	 -1.61665E+00	  2.38761E+00	 -1.49240E+00	    -7.691899%
  -8	   6	 -2.30116E+01	  1.76427E+01	  2.79656E+01	  2.58663E+00	 -1.93999E+00	  2.36825E+00	 -1.77634E+00	    -8.439885%
  -8	   7	 -2.30116E+01	  2.03613E+01	  2.94421E+01	  2.58663E+00	 -2.26332E+00	  2.34677E+00	 -2.05359E+00	    -9.270060%
  -8	   8	 -2.30116E+01	  2.29875E+01	  3.09973E+01	  2.58663E+00	 -2.58665E+00	  2.32384E+00	 -2.32403E+00	   -10.156209%
  -8	   9	 -2.30116E+01	  2.55154E+01	  3.26003E+01	  2.58663E+00	 -2.90998E+00	  2.30028E+00	 -2.58802E+00	   -11.066853%
  -8	  10	 -2.30116E+01	  2.79413E+01	  3.42254E+01	  2.58663E+00	 -3.23331E+00	  2.27715E+00	 -2.84665E+00	   -11.960910%
  -8	  11	 -2.30116E+01	  3.02629E+01	  3.58523E+01	  2.58663E+00	 -3.55664E+00	  2.25611E+00	 -3.10238E+00	   -12.774278%
  -8	  12	 -2.30116E+01	  3.24798E+01	  3.74652E+01	  2.58663E+00	 -3.87997E+00	  2.24065E+00	 -3.36121E+00	   -13.371837%
  -7	 -12	 -2.03863E+01	 -3.25202E+01	  3.64629E+01	  2.26330E+00	  3.87997E+00	  1.96873E+00	  3.37474E+00	   -13.019820%
  -7	 -11	 -2.03863E+01	 -3.03053E+01	  3.47385E+01	  2.26330E+00	  3.55664E+00	  1.98696E+00	  3.12214E+00	   -12.214669%
  -7	 -10	 -2.03863E+01	 -2.79857E+01	  3.29876E+01	  2.26330E+00	  3.23331E+00	  2.00833E+00	  2.86884E+00	   -11.270107%
  -7	  -9	 -2.03863E+01	 -2.55618E+01	  3.12255E+01	  2.26330E+00	  2.90998E+00	  2.03087E+00	  2.61093E+00	   -10.273916%
  -7	  -8	 -2.03863E+01	 -2.30357E+01	  2.94726E+01	  2.26330E+00	  2.58665E+00	  2.05345E+00	  2.34663E+00	    -9.276142%
  -7	  -7	 -2.03863E+01	 -2.04113E+01	  2.77553E+01	  2.26330E+00	  2.26332E+00	  2.07523E+00	  2.07508E+00	    -8.313201%
  -7	  -6	 -2.03863E+01	 -1.76943E+01	  2.61071E+01	  2.26330E+00	  1.93999E+00	  2.09554E+00	  1.79605E+00	    -7.415224%
  -7	  -5	 -2.03863E+01	 -1.48927E+01	  2.45695E+01	  2.26330E+00	  1.61665E+00	  2.11379E+00	  1.50974E+00	    -6.608385%
  -7	  -4	 -2.03863E+01	 -1.20163E+01	  2.31921E+01	  2.26330E+00	  1.29332E+00	  2.12947E+00	  1.21673E+00	    -5.915439%
  -7	  -3	 -2.03863E+01	 -9.07711E+00	  2.20309E+01	  2.26330E+00	  9.69993E-01	  2.14212E+00	  9.17959E-01	    -5.355610%
  -7	  -2	 -2.03863E+01	 -6.08901E+00	  2.11442E+01	  2.26330E+00	  6.46662E-01	  2.15142E+00	  6.14605E-01	    -4.944274%
  -7	  -1	 -2.03863E+01	 -3.06731E+00	  2.05851E+01	  2.26330E+00	  3.23331E-01	  2.15711E+00	  3.08076E-01	    -4.692641%
  -7	   0	 -2.03863E+01	 -2.84622E-02	  2.03917E+01	  2.26330E+00	 -0.00000E+00	  2.15902E+00	 -8.03774E-05	    -4.607534%
  -7	   1	 -2.03863E+01	  3.01055E+00	  2.05781E+01	  2.26330E+00	 -3.23331E-01	  2.15711E+00	 -3.08241E-01	    -4.691258%
  -7	   2	 -2.03863E+01	  6.03272E+00	  2.11306E+01	  2.26330E+00	 -6.46662E-01	  2.15144E+00	 -6.14783E-01	    -4.941556%
  -7	   3	 -2.03863E+01	  9.02159E+00	  2.20116E+01	  2.26330E+00	 -9.69993E-01	  2.14215E+00	 -9.18157E-01	    -5.351658%
  -7	   4	 -2.03863E+01	  1.19618E+01	  2.31682E+01	  2.26330E+00	 -1.29332E+00	  2.12949E+00	 -1.21696E+00	    -5.910409%
  -7	   5	 -2.03863E+01	  1.48395E+01	  2.45421E+01	  2.26330E+00	 -1.61665E+00	  2.11382E+00	 -1.50999E+00	    -6.602498%
  -7	   6	 -2.03863E+01	  1.76427E+01	  2.60771E+01	  2.26330E+00	 -1.93999E+00	  2.09556E+00	 -1.79633E+00	    -7.408770%
  -7	   7	 -2.03863E+01	  2.03613E+01	  2.77237E+01	  2.26330E+00	 -2.26332E+00	  2.07523E+00	 -2.07538E+00	    -8.306543%
  -7	   8	 -2.03863E+01	  2.29875E+01	  2.94400E+01	  2.26330E+00	 -2.58665E+00	  2.05342E+00	 -2.34694E+00	    -9.269735%
  -7	   9	 -2.03863E+01	  2.55154E+01	  3.11925E+01	  2.26330E+00	 -2.90998E+00	  2.03082E+00	 -2.61124E+00	   -10.268343%
  -7	  10	 -2.03863E+01	  2.79413E+01	  3.29546E+01	  2.26330E+00	 -3.23331E+00	  2.00823E+00	 -2.86910E+00	   -11.266185%
  -7	  11	 -2.03863E+01	  3.02629E+01	  3.47059E+01	  2.26330E+00	 -3.55664E+00	  1.98678E+00	 -3.12230E+00	   -12.213738%
  -7	  12	 -2.03863E+01	  3.24798E+01	  3.64309E+01	  2.26330E+00	 -3.87997E+00	  1.96842E+00	 -3.37467E+00	   -13.024662%
  -6	 -12	 -1.76685E+01	 -3.25202E+01	  3.55115E+01	  1.93997E+00	  3.87997E+00	  1.69566E+00	  3.39110E+00	   -12.598601%
  -6	 -11	 -1.76685E+01	 -3.03053E+01	  3.36777E+01	  1.93997E+00	  3.55664E+00	  1.71405E+00	  3.14222E+00	   -11.650514%
  -6	 -10	 -1.76685E+01	 -2.79857E+01	  3.18036E+01	  1.93997E+00	  3.23331E+00	  1.73438E+00	  2.89044E+00	   -10.602505%
  -6	  -9	 -1.76685E+01	 -2.55618E+01	  2.99035E+01	  1.93997E+00	  2.90998E+00	  1.75537E+00	  2.63288E+00	    -9.520190%
  -6	  -8	 -1.76685E+01	 -2.30357E+01	  2.79967E+01	  1.93997E+00	  2.58665E+00	  1.77619E+00	  2.36810E+00	    -8.446567%
  -6	  -7	 -1.76685E+01	 -2.04113E+01	  2.61096E+01	  1.93997E+00	  2.26332E+00	  1.79618E+00	  2.09541E+00	    -7.415851%
  -6	  -6	 -1.76685E+01	 -1.76943E+01	  2.42769E+01	  1.93997E+00	  1.93999E+00	  1.81476E+00	  1.81464E+00	    -6.457799%
  -6	  -5	 -1.76685E+01	 -1.48927E+01	  2.25440E+01	  1.93997E+00	  1.61665E+00	  1.83141E+00	  1.52608E+00	    -5.598920%
  -6	  -4	 -1.76685E+01	 -1.20163E+01	  2.09681E+01	  1.93997E+00	  1.29332E+00	  1.84568E+00	  1.23037E+00	    -4.862523%
  -6	  -3	 -1.76685E+01	 -9.07711E+00	  1.96185E+01	  1.93997E+00	  9.69993E-01	  1.85720E+00	  9.28526E-01	    -4.268366%
  -6	  -2	 -1.76685E+01	 -6.08901E+00	  1.85723E+01	  1.93997E+00	  6.46662E-01	  1.86565E+00	  6.21817E-01	    -3.832237%
  -6	  -1	 -1.76685E+01	 -3.06731E+00	  1.79045E+01	  1.93997E+00	  3.23331E-01	  1.87081E+00	  3.11741E-01	    -3.565615%
  -6	   0	 -1.76685E+01	 -2.84622E-02	  1.76718E+01	  1.93997E+00	 -0.00000E+00	  1.87255E+00	 -5.95309E-05	    -3.475466%
  -6	   1	 -1.76685E+01	  3.01055E+00	  1.78960E+01	  1.93997E+00	 -3.23331E-01	  1.87082E+00	 -3.11865E-01	    -3.564134%
  -6	   2	 -1.76685E+01	  6.03272E+00	  1.85561E+01	  1.93997E+00	 -6.46662E-01	  1.86567E+00	 -6.21955E-01	    -3.829317%
  -6	   3	 -1.76685E+01	  9.02159E+00	  1.95959E+01	  1.93997E+00	 -9.69993E-01	  1.85722E+00	 -9.28686E-01	    -4.264099%
  -6	   4	 -1.76685E+01	  1.19618E+01	  2.09406E+01	  1.93997E+00	 -1.29332E+00	  1.84571E+00	 -1.23056E+00	    -4.857054%
  -6	   5	 -1.76685E+01	  1.48395E+01	  2.25128E+01	  1.93997E+00	 -1.61665E+00	  1.83144E+00	 -1.52630E+00	    -5.592460%
  -6	   6	 -1.76685E+01	  1.76427E+01	  2.42434E+01	  1.93997E+00	 -1.93999E+00	  1.81478E+00	 -1.81490E+00	    -6.450627%
  -6	   7	 -1.76685E+01	  2.03613E+01	  2.60746E+01	  1.93997E+00	 -2.26332E+00	  1.79619E+00	 -2.09569E+00	    -7.408321%
  -6	   8	 -1.76685E+01	  2.29875E+01	  2.79611E+01	  1.93997E+00	 -2.58665E+00	  1.77619E+00	 -2.36841E+00	    -8.439115%
  -6	   9	 -1.76685E+01	  2.55154E+01	  2.98678E+01	  1.93997E+00	 -2.90998E+00	  1.75534E+00	 -2.63319E+00	    -9.513355%
  -6	  10	 -1.76685E+01	  2.79413E+01	  3.17683E+01	  1.93997E+00	 -3.23331E+00	  1.73432E+00	 -2.89072E+00	   -10.596994%
  -6	  11	 -1.76685E+01	  3.02629E+01	  3.36430E+01	  1.93997E+00	 -3.55664E+00	  1.71394E+00	 -3.14243E+00	   -11.647385%
  -6	  12	 -1.76685E+01	  3.24798E+01	  3.54777E+01	  1.93997E+00	 -3.87997E+00	  1.69546E+00	 -3.39114E+00	   -12.599797%
  -5	 -12	 -1.48661E+01	 -3.25202E+01	  3.46608E+01	  1.61664E+00	  3.87997E+00	  1.41992E+00	  3.40759E+00	   -12.173894%
  -5	 -11	 -1.48661E+01	 -3.03053E+01	  3.27234E+01	  1.61664E+00	  3.55664E+00	  1.43693E+00	  3.16104E+00	   -11.121716%
  -5	 -10	 -1.48661E+01	 -2.79857E+01	  3.07313E+01	  1.61664E+00	  3.23331E+00	  1.45520E+00	  2.91022E+00	    -9.991306%
  -5	  -9	 -1.48661E+01	 -2.55618E+01	  2.86964E+01	  1.61664E+00	  2.90998E+00	  1.47385E+00	  2.65278E+00	    -8.837201%
  -5	  -8	 -1.48661E+01	 -2.30357E+01	  2.66361E+01	  1.61664E+00	  2.58665E+00	  1.49225E+00	  2.38746E+00	    -7.698900%
  -5	  -7	 -1.48661E+01	 -2.04113E+01	  2.45750E+01	  1.61664E+00	  2.26332E+00	  1.50985E+00	  2.11367E+00	    -6.609752%
  -5	  -6	 -1.48661E+01	 -1.76943E+01	  2.25471E+01	  1.61664E+00	  1.93999E+00	  1.52617E+00	  1.83131E+00	    -5.599673%
  -5	  -5	 -1.48661E+01	 -1.48927E+01	  2.05992E+01	  1.61664E+00	  1.61665E+00	  1.54078E+00	  1.54070E+00	    -4.695695%
  -5	  -4	 -1.48661E+01	 -1.20163E+01	  1.87948E+01	  1.61664E+00	  1.29332E+00	  1.55328E+00	  1.24256E+00	    -3.921705%
  -5	  -3	 -1.48661E+01	 -9.07711E+00	  1.72168E+01	  1.61664E+00	  9.69993E-01	  1.56336E+00	  9.37957E-01	    -3.297935%
  -5	  -2	 -1.48661E+01	 -6.08901E+00	  1.59670E+01	  1.61664E+00	  6.46662E-01	  1.57074E+00	  6.28249E-01	    -2.840486%
  -5	  -1	 -1.48661E+01	 -3.06731E+00	  1.51542E+01	  1.61664E+00	  3.23331E-01	  1.57525E+00	  3.15007E-01	    -2.561010%
  -5	   0	 -1.48661E+01	 -2.84622E-02	  1.48679E+01	  1.61664E+00	 -0.00000E+00	  1.57677E+00	 -4.14476E-05	    -2.466545%
  -5	   1	 -1.48661E+01	  3.01055E+00	  1.51438E+01	  1.61664E+00	 -3.23331E-01	  1.57526E+00	 -3.15095E-01	    -2.559456%
  -5	   2	 -1.48661E+01	  6.03272E+00	  1.59474E+01	  1.61664E+00	 -6.46662E-01	  1.57076E+00	 -6.28351E-01	    -2.837415%
  -5	   3	 -1.48661E+01	  9.02159E+00	  1.71901E+01	  1.61664E+00	 -9.69993E-01	  1.56338E+00	 -9.38084E-01	    -3.293427%
  -5	   4	 -1.48661E+01	  1.19618E+01	  1.87629E+01	  1.61664E+00	 -1.29332E+00	  1.55331E+00	 -1.24272E+00	    -3.915895%
  -5	   5	 -1.48661E+01	  1.48395E+01	  2.05639E+01	  1.61664E+00	 -1.61665E+00	  1.54081E+00	 -1.54089E+00	    -4.688779%
  -5	   6	 -1.48661E+01	  1.76427E+01	  2.25097E+01	  1.61664E+00	 -1.93999E+00	  1.52620E+00	 -1.83154E+00	    -5.591921%
  -5	   7	 -1.48661E+01	  2.03613E+01	  2.45366E+01	  1.61664E+00	 -2.26332E+00	  1.50987E+00	 -2.11394E+00	    -6.601511%
  -5	   8	 -1.48661E+01	  2.29875E+01	  2.65974E+01	  1.61664E+00	 -2.58665E+00	  1.49226E+00	 -2.38775E+00	    -7.690597%
  -5	   9	 -1.48661E+01	  2.55154E+01	  2.86580E+01	  1.61664E+00	 -2.90998E+00	  1.47384E+00	 -2.65308E+00	    -8.829353%
  -5	  10	 -1.48661E+01	  2.79413E+01	  3.06935E+01	  1.61664E+00	 -3.23331E+00	  1.45516E+00	 -2.91051E+00	    -9.984563%
  -5	  11	 -1.48661E+01	  3.02629E+01	  3.26866E+01	  1.61664E+00	 -3.55664E+00	  1.43685E+00	 -3.16128E+00	   -11.116980%
  -5	  12	 -1.48661E+01	  3.24798E+01	  3.46251E+01	  1.61664E+00	 -3.87997E+00	  1.41978E+00	 -3.40770E+00	   -12.172678%
  -4	 -12	 -1.19890E+01	 -3.25202E+01	  3.39302E+01	  1.29332E+00	  3.87997E+00	  1.14094E+00	  3.42262E+00	   -11.786964%
  -4	 -11	 -1.19890E+01	 -3.03053E+01	  3.18995E+01	  1.29332E+00	  3.55664E+00	  1.15556E+00	  3.17761E+00	   -10.656340%
  -4	 -10	 -1.19890E+01	 -2.79857E+01	  2.97993E+01	  1.29332E+00	  3.23331E+00	  1.17103E+00	  2.92740E+00	    -9.460290%
  -4	  -9	 -1.19890E+01	 -2.55618E+01	  2.76389E+01	  1.29332E+00	  2.90998E+00	  1.18671E+00	  2.66995E+00	    -8.247424%
  -4	  -8	 -1.19890E+01	 -2.30357E+01	  2.54325E+01	  1.29332E+00	  2.58665E+00	  1.20212E+00	  2.40412E+00	    -7.055491%
  -4	  -7	 -1.19890E+01	 -2.04113E+01	  2.32010E+01	  1.29332E+00	  2.26332E+00	  1.21683E+00	  2.12935E+00	    -5.917625%
  -4	  -6	 -1.19890E+01	 -1.76943E+01	  2.09750E+01	  1.29332E+00	  1.93999E+00	  1.23045E+00	  1.84559E+00	    -4.864120%
  -4	  -5	 -1.19890E+01	 -1.48927E+01	  1.87988E+01	  1.29332E+00	  1.61665E+00	  1.24262E+00	  1.55321E+00	    -3.922564%
  -4	  -4	 -1.19890E+01	 -1.20163E+01	  1.67371E+01	  1.29332E+00	  1.29332E+00	  1.25303E+00	  1.25298E+00	    -3.117360%
  -4	  -3	 -1.19890E+01	 -9.07711E+00	  1.48838E+01	  1.29332E+00	  9.69993E-01	  1.26141E+00	  9.46012E-01	    -2.469106%
  -4	  -2	 -1.19890E+01	 -6.08901E+00	  1.33692E+01	  1.29332E+00	  6.46662E-01	  1.26754E+00	  6.33737E-01	    -1.994104%
  -4	  -1	 -1.19890E+01	 -3.06731E+00	  1.23543E+01	  1.29332E+00	  3.23331E-01	  1.27128E+00	  3.17793E-01	    -1.704076%
  -4	   0	 -1.19890E+01	 -2.84622E-02	  1.19898E+01	  1.29332E+00	 -0.00000E+00	  1.27254E+00	 -2.64910E-05	    -1.606077%
  -4	   1	 -1.19890E+01	  3.01055E+00	  1.23411E+01	  1.29332E+00	 -3.23331E-01	  1.27129E+00	 -3.17851E-01	    -1.702472%
  -4	   2	 -1.19890E+01	  6.03272E+00	  1.33451E+01	  1.29332E+00	 -6.46662E-01	  1.26755E+00	 -6.33811E-01	    -1.990927%
  -4	   3	 -1.19890E+01	  9.02159E+00	  1.48519E+01	  1.29332E+00	 -9.69993E-01	  1.26143E+00	 -9.46111E-01	    -2.464426%
  -4	   4	 -1.19890E+01	  1.19618E+01	  1.67002E+01	  1.29332E+00	 -1.29332E+00	  1.25305E+00	 -1.25311E+00	    -3.111296%
  -4	   5	 -1.19890E+01	  1.48395E+01	  1.87589E+01	  1.29332E+00	 -1.61665E+00	  1.24265E+00	 -1.55338E+00	    -3.915302%
  -4	   6	 -1.19890E+01	  1.76427E+01	  2.09337E+01	  1.29332E+00	 -1.93999E+00	  1.23048E+00	 -1.84580E+00	    -4.855918%
  -4	   7	 -1.19890E+01	  2.03613E+01	  2.31592E+01	  1.29332E+00	 -2.26332E+00	  1.21686E+00	 -2.12960E+00	    -5.908824%
  -4	   8	 -1.19890E+01	  2.29875E+01	  2.53909E+01	  1.29332E+00	 -2.58665E+00	  1.20214E+00	 -2.40440E+00	    -7.046512%
  -4	   9	 -1.19890E+01	  2.55154E+01	  2.75980E+01	  1.29332E+00	 -2.90998E+00	  1.18671E+00	 -2.67025E+00	    -8.238776%
  -4	  10	 -1.19890E+01	  2.79413E+01	  2.97594E+01	  1.29332E+00	 -3.23331E+00	  1.17101E+00	 -2.92770E+00	    -9.452592%
  -4	  11	 -1.19890E+01	  3.02629E+01	  3.18608E+01	  1.29332E+00	 -3.55664E+00	  1.15552E+00	 -3.17786E+00	   -10.650407%
  -4	  12	 -1.19890E+01	  3.24798E+01	  3.38929E+01	  1.29332E+00	 -3.87997E+00	  1.14085E+00	 -3.42277E+00	   -11.784067%
  -3	 -12	 -9.04935E+00	 -3.25202E+01	  3.33387E+01	  9.69987E-01	  3.87997E+00	  8.58845E-01	  3.43517E+00	   -11.463704%
  -3	 -11	 -9.04935E+00	 -3.03053E+01	  3.12291E+01	  9.69987E-01	  3.55664E+00	  8.70376E-01	  3.19119E+00	   -10.274707%
  -3	 -10	 -9.04935E+00	 -2.79857E+01	  2.90365E+01	  9.69987E-01	  3.23331E+00	  8.82466E-01	  2.94139E+00	    -9.028106%
  -3	  -9	 -9.04935E+00	 -2.55618E+01	  2.67669E+01	  9.69987E-01	  2.90998E+00	  8.94673E-01	  2.68388E+00	    -7.769243%
  -3	  -8	 -9.04935E+00	 -2.30357E+01	  2.44308E+01	  9.69987E-01	  2.58665E+00	  9.06641E-01	  2.41759E+00	    -6.535023%
  -3	  -7	 -9.04935E+00	 -2.04113E+01	  2.20437E+01	  9.69987E-01	  2.26332E+00	  9.18048E-01	  2.14202E+00	    -5.358656%
  -3	  -6	 -9.04935E+00	 -1.76943E+01	  1.96298E+01	  9.69987E-01	  1.93999E+00	  9.28594E-01	  1.85711E+00	    -4.270861%
  -3	  -5	 -9.04935E+00	 -1.48927E+01	  1.72257E+01	  9.69987E-01	  1.61665E+00	  9.38009E-01	  1.56329E+00	    -3.299723%
  -3	  -4	 -9.04935E+00	 -1.20163E+01	  1.48891E+01	  9.69987E-01	  1.29332E+00	  9.46051E-01	  1.26136E+00	    -2.470058%
  -3	  -3	 -9.04935E+00	 -9.07711E+00	  1.27135E+01	  9.69987E-01	  9.69993E-01	  9.52519E-01	  9.52489E-01	    -1.802717%
  -3	  -2	 -9.04935E+00	 -6.08901E+00	  1.08520E+01	  9.69987E-01	  6.46662E-01	  9.57252E-01	  6.38147E-01	    -1.314090%
  -3	  -1	 -9.04935E+00	 -3.06731E+00	  9.53911E+00	  9.69987E-01	  3.23331E-01	  9.60138E-01	  3.20030E-01	    -1.015887%
  -3	   0	 -9.04935E+00	 -2.84622E-02	  9.04955E+00	  9.69987E-01	 -0.00000E+00	  9.61110E-01	 -1.48486E-05	    -0.915151%
  -3	   1	 -9.04935E+00	  3.01055E+00	  9.52160E+00	  9.69987E-01	 -3.23331E-01	  9.60144E-01	 -3.20065E-01	    -1.014252%
  -3	   2	 -9.04935E+00	  6.03272E+00	  1.08215E+01	  9.69987E-01	 -6.46662E-01	  9.57264E-01	 -6.38197E-01	    -1.310844%
  -3	   3	 -9.04935E+00	  9.02159E+00	  1.26752E+01	  9.69987E-01	 -9.69993E-01	  9.52535E-01	 -9.52565E-01	    -1.797921%
  -3	   4	 -9.04935E+00	  1.19618E+01	  1.48466E+01	  9.69987E-01	 -1.29332E+00	  9.46072E-01	 -1.26147E+00	    -2.463818%
  -3	   5	 -9.04935E+00	  1.48395E+01	  1.71812E+01	  9.69987E-01	 -1.61665E+00	  9.38032E-01	 -1.56344E+00	    -3.292212%
  -3	   6	 -9.04935E+00	  1.76427E+01	  1.95846E+01	  9.69987E-01	 -1.93999E+00	  9.28618E-01	 -1.85731E+00	    -4.262327%
  -3	   7	 -9.04935E+00	  2.03613E+01	  2.19987E+01	  9.69987E-01	 -2.26332E+00	  9.18069E-01	 -2.14225E+00	    -5.349434%
  -3	   8	 -9.04935E+00	  2.29875E+01	  2.43865E+01	  9.69987E-01	 -2.58665E+00	  9.06657E-01	 -2.41787E+00	    -6.525533%
  -3	   9	 -9.04935E+00	  2.55154E+01	  2.67238E+01	  9.69987E-01	 -2.90998E+00	  8.94679E-01	 -2.68418E+00	    -7.759988%
  -3	  10	 -9.04935E+00	  2.79413E+01	  2.89947E+01	  9.69987E-01	 -3.23331E+00	  8.82457E-01	 -2.94169E+00	    -9.019689%
  -3	  11	 -9.04935E+00	  3.02629E+01	  3.11889E+01	  9.69987E-01	 -3.55664E+00	  8.70347E-01	 -3.19146E+00	   -10.267895%
  -3	  12	 -9.04935E+00	  3.24798E+01	  3.33000E+01	  9.69987E-01	 -3.87997E+00	  8.58786E-01	 -3.43535E+00	   -11.459630%
  -2	 -12	 -6.06086E+00	 -3.25202E+01	  3.29028E+01	  6.46658E-01	  3.87997E+00	  5.74130E-01	  3.44458E+00	   -11.221478%
  -2	 -11	 -6.06086E+00	 -3.03053E+01	  3.07332E+01	  6.46658E-01	  3.55664E+00	  5.82081E-01	  3.20126E+00	    -9.991737%
  -2	 -10	 -6.06086E+00	 -2.79857E+01	  2.84693E+01	  6.46658E-01	  3.23331E+00	  5.90374E-01	  2.95171E+00	    -8.709108%
  -2	  -9	 -6.06086E+00	 -2.55618E+01	  2.61145E+01	  6.46658E-01	  2.90998E+00	  5.98726E-01	  2.69413E+00	    -7.417146%
  -2	  -8	 -6.06086E+00	 -2.30357E+01	  2.36751E+01	  6.46658E-01	  2.58665E+00	  6.06902E-01	  2.42750E+00	    -6.152376%
  -2	  -7	 -6.06086E+00	 -2.04113E+01	  2.11612E+01	  6.46658E-01	  2.26332E+00	  6.14686E-01	  2.15132E+00	    -4.948179%
  -2	  -6	 -6.06086E+00	 -1.76943E+01	  1.85885E+01	  6.46658E-01	  1.93999E+00	  6.21878E-01	  1.86557E+00	    -3.835640%
  -2	  -5	 -6.06086E+00	 -1.48927E+01	  1.59816E+01	  6.46658E-01	  1.61665E+00	  6.28292E-01	  1.57068E+00	    -2.843231%
  -2	  -4	 -6.06086E+00	 -1.20163E+01	  1.33813E+01	  6.46658E-01	  1.29332E+00	  6.33767E-01	  1.26750E+00	    -1.996061%
  -2	  -3	 -6.06086E+00	 -9.07711E+00	  1.08596E+01	  6.46658E-01	  9.69993E-01	  6.38166E-01	  9.57228E-01	    -1.315139%
  -2	  -2	 -6.06086E+00	 -6.08901E+00	  8.55946E+00	  6.46658E-01	  6.46662E-01	  6.41384E-01	  6.41371E-01	    -0.816866%
  -2	  -1	 -6.06086E+00	 -3.06731E+00	  6.78249E+00	  6.46658E-01	  3.23331E-01	  6.43345E-01	  3.21665E-01	    -0.512863%
  -2	   0	 -6.06086E+00	 -2.84622E-02	  6.06083E+00	  6.46658E-01	 -0.00000E+00	  6.44006E-01	 -6.57287E-06	    -0.410155%
  -2	   1	 -6.06086E+00	  3.01055E+00	  6.75739E+00	  6.46658E-01	 -3.23331E-01	  6.43350E-01	 -3.21683E-01	    -0.511210%
  -2	   2	 -6.06086E+00	  6.03272E+00	  8.52009E+00	  6.46658E-01	 -6.46662E-01	  6.41392E-01	 -6.41405E-01	    -0.813581%
  -2	   3	 -6.06086E+00	  9.02159E+00	  1.08139E+01	  6.46658E-01	 -9.69993E-01	  6.38178E-01	 -9.57288E-01	    -1.310272%
  -2	   4	 -6.06086E+00	  1.19618E+01	  1.33331E+01	  6.46658E-01	 -1.29332E+00	  6.33781E-01	 -1.26760E+00	    -1.989708%
  -2	   5	 -6.06086E+00	  1.48395E+01	  1.59328E+01	  6.46658E-01	 -1.61665E+00	  6.28308E-01	 -1.57082E+00	    -2.835554%
  -2	   6	 -6.06086E+00	  1.76427E+01	  1.85399E+01	  6.46658E-01	 -1.93999E+00	  6.21895E-01	 -1.86575E+00	    -3.826881%
  -2	   7	 -6.06086E+00	  2.03613E+01	  2.11135E+01	  6.46658E-01	 -2.26332E+00	  6.14702E-01	 -2.15154E+00	    -4.938667%
  -2	   8	 -6.06086E+00	  2.29875E+01	  2.36287E+01	  6.46658E-01	 -2.58665E+00	  6.06915E-01	 -2.42777E+00	    -6.142529%
  -2	   9	 -6.06086E+00	  2.55154E+01	  2.60696E+01	  6.46658E-01	 -2.90998E+00	  5.98732E-01	 -2.69443E+00	    -7.407464%
  -2	  10	 -6.06086E+00	  2.79413E+01	  2.84260E+01	  6.46658E-01	 -3.23331E+00	  5.90371E-01	 -2.95201E+00	    -8.700189%
  -2	  11	 -6.06086E+00	  3.02629E+01	  3.06917E+01	  6.46658E-01	 -3.55664E+00	  5.82065E-01	 -3.20154E+00	    -9.984320%
  -2	  12	 -6.06086E+00	  3.24798E+01	  3.28630E+01	  6.46658E-01	 -3.87997E+00	  5.74095E-01	 -3.44477E+00	   -11.216617%
  -1	 -12	 -3.03893E+00	 -3.25202E+01	  3.26356E+01	  3.23329E-01	  3.87997E+00	  2.87549E-01	  3.45039E+00	   -11.071744%
  -1	 -11	 -3.03893E+00	 -3.03053E+01	  3.04283E+01	  3.23329E-01	  3.55664E+00	  2.91603E-01	  3.20745E+00	    -9.817833%
  -1	 -10	 -3.03893E+00	 -2.79857E+01	  2.81194E+01	  3.23329E-01	  3.23331E+00	  2.95819E-01	  2.95804E+00	    -8.513574%
  -1	  -9	 -3.03893E+00	 -2.55618E+01	  2.57103E+01	  3.23329E-01	  2.90998E+00	  3.00060E-01	  2.70041E+00	    -7.201634%
  -1	  -8	 -3.03893E+00	 -2.30357E+01	  2.32040E+01	  3.23329E-01	  2.58665E+00	  3.04208E-01	  2.43356E+00	    -5.918390%
  -1	  -7	 -3.03893E+00	 -2.04113E+01	  2.06063E+01	  3.23329E-01	  2.26332E+00	  3.08154E-01	  2.15700E+00	    -4.697366%
  -1	  -6	 -3.03893E+00	 -1.76943E+01	  1.79257E+01	  3.23329E-01	  1.93999E+00	  3.11798E-01	  1.87073E+00	    -3.569893%
  -1	  -5	 -3.03893E+00	 -1.48927E+01	  1.51750E+01	  3.23329E-01	  1.61665E+00	  3.15047E-01	  1.57519E+00	    -2.564683%
  -1	  -4	 -3.03893E+00	 -1.20163E+01	  1.23741E+01	  3.23329E-01	  1.29332E+00	  3.17818E-01	  1.27124E+00	    -1.707026%
  -1	  -3	 -3.03893E+00	 -9.07711E+00	  9.55659E+00	  3.23329E-01	  9.69993E-01	  3.20044E-01	  9.60116E-01	    -1.018019%
  -1	  -2	 -3.03893E+00	 -6.08901E+00	  6.79501E+00	  3.23329E-01	  6.46662E-01	  3.21672E-01	  6.43335E-01	    -0.514063%
  -1	  -1	 -3.03893E+00	 -3.06731E+00	  4.31361E+00	  3.23329E-01	  3.23331E-01	  3.22663E-01	  3.22660E-01	    -0.206655%
  -1	   0	 -3.03893E+00	 -2.84622E-02	  3.03896E+00	  3.23329E-01	 -0.00000E+00	  3.22997E-01	 -1.63816E-06	    -0.102629%
  -1	   1	 -3.03893E+00	  3.01055E+00	  4.27359E+00	  3.23329E-01	 -3.23331E-01	  3.22665E-01	 -3.22669E-01	    -0.204993%
  -1	   2	 -3.03893E+00	  6.03272E+00	  6.74480E+00	  3.23329E-01	 -6.46662E-01	  3.21676E-01	 -6.43360E-01	    -0.510759%
  -1	   3	 -3.03893E+00	  9.02159E+00	  9.50406E+00	  3.23329E-01	 -9.69993E-01	  3.20050E-01	 -9.60167E-01	    -1.013115%
  -1	   4	 -3.03893E+00	  1.19618E+01	  1.23214E+01	  3.23329E-01	 -1.29332E+00	  3.17826E-01	 -1.27133E+00	    -1.700611%
  -1	   5	 -3.03893E+00	  1.48395E+01	  1.51230E+01	  3.23329E-01	 -1.61665E+00	  3.15055E-01	 -1.57532E+00	    -2.556913%
  -1	   6	 -3.03893E+00	  1.76427E+01	  1.78748E+01	  3.23329E-01	 -1.93999E+00	  3.11807E-01	 -1.87090E+00	    -3.561004%
  -1	   7	 -3.03893E+00	  2.03613E+01	  2.05568E+01	  3.23329E-01	 -2.26332E+00	  3.08163E-01	 -2.15722E+00	    -4.687685%
  -1	   8	 -3.03893E+00	  2.29875E+01	  2.31562E+01	  3.23329E-01	 -2.58665E+00	  3.04215E-01	 -2.43382E+00	    -5.908332%
  -1	   9	 -3.03893E+00	  2.55154E+01	  2.56642E+01	  3.23329E-01	 -2.90998E+00	  3.00064E-01	 -2.70070E+00	    -7.191700%
  -1	  10	 -3.03893E+00	  2.79413E+01	  2.80753E+01	  3.23329E-01	 -3.23331E+00	  2.95818E-01	 -2.95834E+00	    -8.504358%
  -1	  11	 -3.03893E+00	  3.02629E+01	  3.03860E+01	  3.23329E-01	 -3.55664E+00	  2.91596E-01	 -3.20773E+00	    -9.810061%
  -1	  12	 -3.03893E+00	  3.24798E+01	  3.25952E+01	  3.23329E-01	 -3.87997E+00	  2.87533E-01	 -3.45060E+00	   -11.066428%
   0	 -12	  0.00000E+00	 -3.25202E+01	  3.25456E+01	 -0.00000E+00	  3.87997E+00	  0.00000E+00	  3.45236E+00	   -11.021110%
   0	 -11	  0.00000E+00	 -3.03053E+01	  3.03254E+01	 -0.00000E+00	  3.55664E+00	  0.00000E+00	  3.20954E+00	    -9.759179%
   0	 -10	  0.00000E+00	 -2.79857E+01	  2.80011E+01	 -0.00000E+00	  3.23331E+00	  0.00000E+00	  2.96017E+00	    -8.447705%
   0	  -9	  0.00000E+00	 -2.55618E+01	  2.55733E+01	 -0.00000E+00	  2.90998E+00	  0.00000E+00	  2.70252E+00	    -7.129084%
   0	  -8	  0.00000E+00	 -2.30357E+01	  2.30438E+01	 -0.00000E+00	  2.58665E+00	  0.00000E+00	  2.43560E+00	    -5.839658%
   0	  -7	  0.00000E+00	 -2.04113E+01	  2.04167E+01	 -0.00000E+00	  2.26332E+00	  0.00000E+00	  2.15891E+00	    -4.613003%
   0	  -6	  0.00000E+00	 -1.76943E+01	  1.76977E+01	 -0.00000E+00	  1.93999E+00	  0.00000E+00	  1.87246E+00	    -3.480539%
   0	  -5	  0.00000E+00	 -1.48927E+01	  1.48945E+01	 -0.00000E+00	  1.61665E+00	  0.00000E+00	  1.57671E+00	    -2.471058%
   0	  -4	  0.00000E+00	 -1.20163E+01	  1.20170E+01	 -0.00000E+00	  1.29332E+00	  0.00000E+00	  1.27250E+00	    -1.609912%
   0	  -3	  0.00000E+00	 -9.07711E+00	  9.07726E+00	 -0.00000E+00	  9.69993E-01	  0.00000E+00	  9.61086E-01	    -0.918230%
   0	  -2	  0.00000E+00	 -6.08901E+00	  6.08891E+00	 -0.00000E+00	  6.46662E-01	  0.00000E+00	  6.43995E-01	    -0.412434%
   0	  -1	  0.00000E+00	 -3.06731E+00	  3.06720E+00	 -0.00000E+00	  3.23331E-01	  0.00000E+00	  3.22994E-01	    -0.104086%
   0	   0	  0.00000E+00	 -2.84622E-02	  2.84609E-02	  0.00000E+00	  0.00000E+00	  0.00000E+00	  1.56667E-17	     0.000000%
   0	   1	  0.00000E+00	  3.01055E+00	  3.01044E+00	  0.00000E+00	 -3.23331E-01	  0.00000E+00	 -3.23000E-01	    -0.102423%
   0	   2	  0.00000E+00	  6.03272E+00	  6.03262E+00	  0.00000E+00	 -6.46662E-01	  0.00000E+00	 -6.44016E-01	    -0.409124%
   0	   3	  0.00000E+00	  9.02159E+00	  9.02174E+00	  0.00000E+00	 -9.69993E-01	  0.00000E+00	 -9.61134E-01	    -0.913315%
   0	   4	  0.00000E+00	  1.19618E+01	  1.19625E+01	  0.00000E+00	 -1.29332E+00	  0.00000E+00	 -1.27259E+00	    -1.603478%
   0	   5	  0.00000E+00	  1.48395E+01	  1.48413E+01	  0.00000E+00	 -1.61665E+00	  0.00000E+00	 -1.57683E+00	    -2.463259%
   0	   6	  0.00000E+00	  1.76427E+01	  1.76459E+01	  0.00000E+00	 -1.93999E+00	  0.00000E+00	 -1.87264E+00	    -3.471608%
   0	   7	  0.00000E+00	  2.03613E+01	  2.03667E+01	  0.00000E+00	 -2.26332E+00	  0.00000E+00	 -2.15913E+00	    -4.603266%
   0	   8	  0.00000E+00	  2.29875E+01	  2.29956E+01	  0.00000E+00	 -2.58665E+00	  0.00000E+00	 -2.43586E+00	    -5.829530%
   0	   9	  0.00000E+00	  2.55154E+01	  2.55268E+01	  0.00000E+00	 -2.90998E+00	  0.00000E+00	 -2.70282E+00	    -7.119066%
   0	  10	  0.00000E+00	  2.79413E+01	  2.79567E+01	  0.00000E+00	 -3.23331E+00	  0.00000E+00	 -2.96047E+00	    -8.438390%
   0	  11	  0.00000E+00	  3.02629E+01	  3.02829E+01	  0.00000E+00	 -3.55664E+00	  0.00000E+00	 -3.20982E+00	    -9.751290%
   0	  12	  0.00000E+00	  3.24798E+01	  3.25050E+01	  0.00000E+00	 -3.87997E+00	  0.00000E+00	 -3.45257E+00	   -11.015645%
   1	 -12	  3.03893E+00	 -3.25202E+01	  3.26356E+01	 -3.23329E-01	  3.87997E+00	 -2.87549E-01	  3.45039E+00	   -11.071744%
   1	 -11	  3.03893E+00	 -3.03053E+01	  3.04283E+01	 -3.23329E-01	  3.55664E+00	 -2.91603E-01	  3.20745E+00	    -9.817833%
   1	 -10	  3.03893E+00	 -2.79857E+01	  2.81194E+01	 -3.23329E-01	  3.23331E+00	 -2.95819E-01	  2.95804E+00	    -8.513574%
   1	  -9	  3.03893E+00	 -2.55618E+01	  2.57103E+01	 -3.23329E-01	  2.90998E+00	 -3.00060E-01	  2.70041E+00	    -7.201634%
   1	  -8	  3.03893E+00	 -2.30357E+01	  2.32040E+01	 -3.23329E-01	  2.58665E+00	 -3.04208E-01	  2.43356E+00	    -5.918390%
   1	  -7	  3.03893E+00	 -2.04113E+01	  2.06063E+01	 -3.23329E-01	  2.26332E+00	 -3.08154E-01	  2.15700E+00	    -4.697366%
   1	  -6	  3.03893E+00	 -1.76943E+01	  1.79257E+01	 -3.23329E-01	  1.93999E+00	 -3.11798E-01	  1.87073E+00	    -3.569893%
   1	  -5	  3.03893E+00	 -1.48927E+01	  1.51750E+01	 -3.23329E-01	  1.61665E+00	 -3.15047E-01	  1.57519E+00	    -2.564683%
   1	  -4	  3.03893E+00	 -1.20163E+01	  1.23741E+01	 -3.23329E-01	  1.29332E+00	 -3.17818E-01	  1.27124E+00	    -1.707026%
   1	  -3	  3.03893E+00	 -9.07711E+00	  9.55659E+00	 -3.23329E-01	  9.69993E-01	 -3.20044E-01	  9.60116E-01	    -1.018019%
   1	  -2	  3.03893E+00	 -6.08901E+00	  6.79501E+00	 -3.23329E-01	  6.46662E-01	 -3.21672E-01	  6.43335E-01	    -0.514063%
   1	  -1	  3.03893E+00	 -3.06731E+00	  4.31361E+00	 -3.23329E-01	  3.23331E-01	 -3.22663E-01	  3.22660E-01	    -0.206655%
   1	   0	  3.03893E+00	 -2.84622E-02	  3.03896E+00	 -3.23329E-01	  0.00000E+00	 -3.22997E-01	 -1.63816E-06	    -0.102629%
   1	   1	  3.03893E+00	  3.01055E+00	  4.27359E+00	 -3.23329E-01	 -3.23331E-01	 -3.22665E-01	 -3.22669E-01	    -0.204993%
   1	   2	  3.03893E+00	  6.03272E+00	  6.74480E+00	 -3.23329E-01	 -6.46662E-01	 -3.21676E-01	 -6.43360E-01	    -0.510759%
   1	   3	  3.03893E+00	  9.02159E+00	  9.50406E+00	 -3.23329E-01	 -9.69993E-01	 -3.20050E-01	 -9.60167E-01	    -1.013115%
   1	   4	  3.03893E+00	  1.19618E+01	  1.23214E+01	 -3.23329E-01	 -1.29332E+00	 -3.17826E-01	 -1.27133E+00	    -1.700611%
   1	   5	  3.03893E+00	  1.48395E+01	  1.51230E+01	 -3.23329E-01	 -1.61665E+00	 -3.15055E-01	 -1.57532E+00	    -2.556913%
   1	   6	  3.03893E+00	  1.76427E+01	  1.78748E+01	 -3.23329E-01	 -1.93999E+00	 -3.11807E-01	 -1.87090E+00	    -3.561004%
   1	   7	  3.03893E+00	  2.03613E+01	  2.05568E+01	 -3.23329E-01	 -2.26332E+00	 -3.08163E-01	 -2.15722E+00	    -4.687685%
   1	   8	  3.03893E+00	  2.29875E+01	  2.31562E+01	 -3.23329E-01	 -2.58665E+00	 -3.04215E-01	 -2.43382E+00	    -5.908332%
   1	   9	  3.03893E+00	  2.55154E+01	  2.56642E+01	 -3.23329E-01	 -2.90998E+00	 -3.00064E-01	 -2.70070E+00	    -7.191700%
   1	  10	  3.03893E+00	  2.79413E+01	  2.80753E+01	 -3.23329E-01	 -3.23331E+00	 -2.95818E-01	 -2.95834E+00	    -8.504358%
   1	  11	  3.03893E+00	  3.02629E+01	  3.03860E+01	 -3.23329E-01	 -3.55664E+00	 -2.91596E-01	 -3.20773E+00	    -9.810061%
   1	  12	  3.03893E+00	  3.24798E+01	  3.25952E+01	 -3.23329E-01	 -3.87997E+00	 -2.87533E-01	 -3.45060E+00	   -11.066428%
   2	 -12	  6.06086E+00	 -3.25202E+01	  3.29028E+01	 -6.46658E-01	  3.87997E+00	 -5.74130E-01	  3.44458E+00	   -11.221478%
   2	 -11	  6.06086E+00	 -3.03053E+01	  3.07332E+01	 -6.46658E-01	  3.55664E+00	 -5.82081E-01	  3.20126E+00	    -9.991737%
   2	 -10	  6.06086E+00	 -2.79857E+01	  2.84693E+01	 -6.46658E-01	  3.23331E+00	 -5.90374E-01	  2.95171E+00	    -8.709108%
   2	  -9	  6.06086E+00	 -2.55618E+01	  2.61145E+01	 -6.46658E-01	  2.90998E+00	 -5.98726E-01	  2.69413E+00	    -7.417146%
   2	  -8	  6.06086E+00	 -2.30357E+01	  2.36751E+01	 -6.46658E-01	  2.58665E+00	 -6.06902E-01	  2.42750E+00	    -6.152376%
   2	  -7	  6.06086E+00	 -2.04113E+01	  2.11612E+01	 -6.46658E-01	  2.26332E+00	 -6.14686E-01	  2.15132E+00	    -4.948179%
   2	  -6	  6.06086E+00	 -1.76943E+01	  1.85885E+01	 -6.46658E-01	  1.93999E+00	 -6.21878E-01	  1.86557E+00	    -3.835640%
   2	  -5	  6.06086E+00	 -1.48927E+01	  1.59816E+01	 -6.46658E-01	  1.61665E+00	 -6.28292E-01	  1.57068E+00	    -2.843231%
   2	  -4	  6.06086E+00	 -1.20163E+01	  1.33813E+01	 -6.46658E-01	  1.29332E+00	 -6.33767E-01	  1.26750E+00	    -1.996061%
   2	  -3	  6.06086E+00	 -9.07711E+00	  1.08596E+01	 -6.46658E-01	  9.69993E-01	 -6.38166E-01	  9.57228E-01	    -1.315139%
   2	  -2	  6.06086E+00	 -6.08901E+00	  8.55946E+00	 -6.46658E-01	  6.46662E-01	 -6.41384E-01	  6.41371E-01	    -0.816866%
   2	  -1	  6.06086E+00	 -3.06731E+00	  6.78249E+00	 -6.46658E-01	  3.23331E-01	 -6.43345E-01	  3.21665E-01	    -0.512863%
   2	   0	  6.06086E+00	 -2.84622E-02	  6.06083E+00	 -6.46658E-01	  0.00000E+00	 -6.44006E-01	 -6.57287E-06	    -0.410155%
   2	   1	  6.06086E+00	  3.01055E+00	  6.75739E+00	 -6.46658E-01	 -3.23331E-01	 -6.43350E-01	 -3.21683E-01	    -0.511210%
   2	   2	  6.06086E+00	  6.03272E+00	  8.52009E+00	 -6.46658E-01	 -6.46662E-01	 -6.41392E-01	 -6.41405E-01	    -0.813581%
   2	   3	  6.06086E+00	  9.02159E+00	  1.08139E+01	 -6.46658E-01	 -9.69993E-01	 -6.38178E-01	 -9.57288E-01	    -1.310272%
   2	   4	  6.06086E+00	  1.19618E+01	  1.33331E+01	 -6.46658E-01	 -1.29332E+00	 -6.33781E-01	 -1.26760E+00	    -1.989708%
   2	   5	  6.06086E+00	  1.48395E+01	  1.59328E+01	 -6.46658E-01	 -1.61665E+00	 -6.28308E-01	 -1.57082E+00	    -2.835554%
   2	   6	  6.06086E+00	  1.76427E+01	  1.85399E+01	 -6.46658E-01	 -1.93999E+00	 -6.21895E-01	 -1.86575E+00	    -3.826881%
   2	   7	  6.06086E+00	  2.03613E+01	  2.11135E+01	 -6.46658E-01	 -2.26332E+00	 -6.14702E-01	 -2.15154E+00	    -4.938667%
   2	   8	  6.06086E+00	  2.29875E+01	  2.36287E+01	 -6.46658E-01	 -2.58665E+00	 -6.06915E-01	 -2.42777E+00	    -6.142529%
   2	   9	  6.06086E+00	  2.55154E+01	  2.60696E+01	 -6.46658E-01	 -2.90998E+00	 -5.98732E-01	 -2.69443E+00	    -7.407464%
   2	  10	  6.06086E+00	  2.79413E+01	  2.84260E+01	 -6.46658E-01	 -3.23331E+00	 -5.90371E-01	 -2.95201E+00	    -8.700189%
   2	  11	  6.06086E+00	  3.02629E+01	  3.06917E+01	 -6.46658E-01	 -3.55664E+00	 -5.82065E-01	 -3.20154E+00	    -9.984320%
   2	  12	  6.06086E+00	  3.24798E+01	  3.28630E+01	 -6.46658E-01	 -3.87997E+00	 -5.74095E-01	 -3.44477E+00	   -11.216617%
   3	 -12	  9.04935E+00	 -3.25202E+01	  3.33387E+01	 -9.69987E-01	  3.87997E+00	 -8.58845E-01	  3.43517E+00	   -11.463704%
   3	 -11	  9.04935E+00	 -3.03053E+01	  3.12291E+01	 -9.69987E-01	  3.55664E+00	 -8.70376E-01	  3.19119E+00	   -10.274707%
   3	 -10	  9.04935E+00	 -2.79857E+01	  2.90365E+01	 -9.69987E-01	  3.23331E+00	 -8.82466E-01	  2.94139E+00	    -9.028106%
   3	  -9	  9.04935E+00	 -2.55618E+01	  2.67669E+01	 -9.69987E-01	  2.90998E+00	 -8.94673E-01	  2.68388E+00	    -7.769243%
   3	  -8	  9.04935E+00	 -2.30357E+01	  2.44308E+01	 -9.69987E-01	  2.58665E+00	 -9.06641E-01	  2.41759E+00	    -6.535023%
   3	  -7	  9.04935E+00	 -2.04113E+01	  2.20437E+01	 -9.69987E-01	  2.26332E+00	 -9.18048E-01	  2.14202E+00	    -5.358656%
   3	  -6	  9.04935E+00	 -1.76943E+01	  1.96298E+01	 -9.69987E-01	  1.93999E+00	 -9.28594E-01	  1.85711E+00	    -4.270861%
   3	  -5	  9.04935E+00	 -1.48927E+01	  1.72257E+01	 -9.69987E-01	  1.61665E+00	 -9.38009E-01	  1.56329E+00	    -3.299723%
   3	  -4	  9.04935E+00	 -1.20163E+01	  1.48891E+01	 -9.69987E-01	  1.29332E+00	 -9.46051E-01	  1.26136E+00	    -2.470058%
   3	  -3	  9.04935E+00	 -9.07711E+00	  1.27135E+01	 -9.69987E-01	  9.69993E-01	 -9.52519E-01	  9.52489E-01	    -1.802717%
   3	  -2	  9.04935E+00	 -6.08901E+00	  1.08520E+01	 -9.69987E-01	  6.46662E-01	 -9.57252E-01	  6.38147E-01	    -1.314090%
   3	  -1	  9.04935E+00	 -3.06731E+00	  9.53911E+00	 -9.69987E-01	  3.23331E-01	 -9.60138E-01	  3.20030E-01	    -1.015887%
   3	   0	  9.04935E+00	 -2.84622E-02	  9.04955E+00	 -9.69987E-01	  0.00000E+00	 -9.61110E-01	 -1.48486E-05	    -0.915151%
   3	   1	  9.04935E+00	  3.01055E+00	  9.52160E+00	 -9.69987E-01	 -3.23331E-01	 -9.60144E-01	 -3.20065E-01	    -1.014252%
   3	   2	  9.04935E+00	  6.03272E+00	  1.08215E+01	 -9.69987E-01	 -6.46662E-01	 -9.57264E-01	 -6.38197E-01	    -1.310844%
   3	   3	  9.04935E+00	  9.02159E+00	  1.26752E+01	 -9.69987E-01	 -9.69993E-01	 -9.52535E-01	 -9.52565E-01	    -1.797921%
   3	   4	  9.04935E+00	  1.19618E+01	  1.48466E+01	 -9.69987E-01	 -1.29332E+00	 -9.46072E-01	 -1.26147E+00	    -2.463818%
   3	   5	  9.04935E+00	  1.48395E+01	  1.71812E+01	 -9.69987E-01	 -1.61665E+00	 -9.38032E-01	 -1.56344E+00	    -3.292212%
   3	   6	  9.04935E+00	  1.76427E+01	  1.95846E+01	 -9.69987E-01	 -1.93999E+00	 -9.28618E-01	 -1.85731E+00	    -4.262327%
   3	   7	  9.04935E+00	  2.03613E+01	  2.19987E+01	 -9.69987E-01	 -2.26332E+00	 -9.18069E-01	 -2.14225E+00	    -5.349434%
   3	   8	  9.04935E+00	  2.29875E+01	  2.43865E+01	 -9.69987E-01	 -2.58665E+00	 -9.06657E-01	 -2.41787E+00	    -6.525533%
   3	   9	  9.04935E+00	  2.55154E+01	  2.67238E+01	 -9.69987E-01	 -2.90998E+00	 -8.94679E-01	 -2.68418E+00	    -7.759988%
   3	  10	  9.04935E+00	  2.79413E+01	  2.89947E+01	 -9.69987E-01	 -3.23331E+00	 -8.82457E-01	 -2.94169E+00	    -9.019689%
   3	  11	  9.04935E+00	  3.02629E+01	  3.11889E+01	 -9.69987E-01	 -3.55664E+00	 -8.70347E-01	 -3.19146E+00	   -10.267895%
   3	  12	  9.04935E+00	  3.24798E+01	  3.33000E+01	 -9.69987E-01	 -3.87997E+00	 -8.58786E-01	 -3.43535E+00	   -11.459630%
   4	 -12	  1.19890E+01	 -3.25202E+01	  3.39302E+01	 -1.29332E+00	  3.87997E+00	 -1.14094E+00	  3.42262E+00	   -11.786964%
   4	 -11	  1.19890E+01	 -3.03053E+01	  3.18995E+01	 -1.29332E+00	  3.55664E+00	 -1.15556E+00	  3.17761E+00	   -10.656340%
   4	 -10	  1.19890E+01	 -2.79857E+01	  2.97993E+01	 -1.29332E+00	  3.23331E+00	 -1.17103E+00	  2.92740E+00	    -9.460290%
   4	  -9	  1.19890E+01	 -2.55618E+01	  2.76389E+01	 -1.29332E+00	  2.90998E+00	 -1.18671E+00	  2.66995E+00	    -8.247424%
   4	  -8	  1.19890E+01	 -2.30357E+01	  2.54325E+01	 -1.29332E+00	  2.58665E+00	 -1.20212E+00	  2.40412E+00	    -7.055491%
   4	  -7	  1.19890E+01	 -2.04113E+01	  2.32010E+01	 -1.29332E+00	  2.26332E+00	 -1.21683E+00	  2.12935E+00	    -5.917625%
   4	  -6	  1.19890E+01	 -1.76943E+01	  2.09750E+01	 -1.29332E+00	  1.93999E+00	 -1.23045E+00	  1.84559E+00	    -4.864120%
   4	  -5	  1.19890E+01	 -1.48927E+01	  1.87988E+01	 -1.29332E+00	  1.61665E+00	 -1.24262E+00	  1.55321E+00	    -3.922564%
   4	  -4	  1.19890E+01	 -1.20163E+01	  1.67371E+01	 -1.29332E+00	  1.29332E+00	 -1.25303E+00	  1.25298E+00	    -3.117360%
   4	  -3	  1.19890E+01	 -9.07711E+00	  1.48838E+01	 -1.29332E+00	  9.69993E-01	 -1.26141E+00	  9.46012E-01	    -2.469106%
   4	  -2	  1.19890E+01	 -6.08901E+00	  1.33692E+01	 -1.29332E+00	  6.46662E-01	 -1.26754E+00	  6.33737E-01	    -1.994104%
   4	  -1	  1.19890E+01	 -3.06731E+00	  1.23543E+01	 -1.29332E+00	  3.23331E-01	 -1.27128E+00	  3.17793E-01	    -1.704076%
   4	   0	  1.19890E+01	 -2.84622E-02	  1.19898E+01	 -1.29332E+00	  0.00000E+00	 -1.27254E+00	 -2.64910E-05	    -1.606077%
   4	   1	  1.19890E+01	  3.01055E+00	  1.23411E+01	 -1.29332E+00	 -3.23331E-01	 -1.27129E+00	 -3.17851E-01	    -1.702472%
   4	   2	  1.19890E+01	  6.03272E+00	  1.33451E+01	 -1.29332E+00	 -6.46662E-01	 -1.26755E+00	 -6.33811E-01	    -1.990927%
   4	   3	  1.19890E+01	  9.02159E+00	  1.48519E+01	 -1.29332E+00	 -9.69993E-01	 -1.26143E+00	 -9.46111E-01	    -2.464426%
   4	   4	  1.19890E+01	  1.19618E+01	  1.67002E+01	 -1.29332E+00	 -1.29332E+00	 -1.25305E+00	 -1.25311E+00	    -3.111296%
   4	   5	  1.19890E+01	  1.48395E+01	  1.87589E+01	 -1.29332E+00	 -1.61665E+00	 -1.24265E+00	 -1.55338E+00	    -3.915302%
   4	   6	  1.19890E+01	  1.76427E+01	  2.09337E+01	 -1.29332E+00	 -1.93999E+00	 -1.23048E+00	 -1.84580E+00	    -4.855918%
   4	   7	  1.19890E+01	  2.03613E+01	  2.31592E+01	 -1.29332E+00	 -2.26332E+00	 -1.21686E+00	 -2.12960E+00	    -5.908824%
   4	   8	  1.19890E+01	  2.29875E+01	  2.53909E+01	 -1.29332E+00	 -2.58665E+00	 -1.20214E+00	 -2.40440E+00	    -7.046512%
   4	   9	  1.19890E+01	  2.55154E+01	  2.75980E+01	 -1.29332E+00	 -2.90998E+00	 -1.18671E+00	 -2.67025E+00	    -8.238776%
   4	  10	  1.19890E+01	  2.79413E+01	  2.97594E+01	 -1.29332E+00	 -3.23331E+00	 -1.17101E+00	 -2.92770E+00	    -9.452592%
   4	  11	  1.19890E+01	  3.02629E+01	  3.18608E+01	 -1.29332E+00	 -3.55664E+00	 -1.15552E+00	 -3.17786E+00	   -10.650407%
   4	  12	  1.19890E+01	  3.24798E+01	  3.38929E+01	 -1.29332E+00	 -3.87997E+00	 -1.14085E+00	 -3.42277E+00	   -11.784067%
   5	 -12	  1.48661E+01	 -3.25202E+01	  3.46608E+01	 -1.61664E+00	  3.87997E+00	 -1.41992E+00	  3.40759E+00	   -12.173894%
   5	 -11	  1.48661E+01	 -3.03053E+01	  3.27234E+01	 -1.61664E+00	  3.55664E+00	 -1.43693E+00	  3.16104E+00	   -11.121716%
   5	 -10	  1.48661E+01	 -2.79857E+01	  3.07313E+01	 -1.61664E+00	  3.23331E+00	 -1.45520E+00	  2.91022E+00	    -9.991306%
   5	  -9	  1.48661E+01	 -2.55618E+01	  2.86964E+01	 -1.61664E+00	  2.90998E+00	 -1.47385E+00	  2.65278E+00	    -8.837201%
   5	  -8	  1.48661E+01	 -2.30357E+01	  2.66361E+01	 -1.61664E+00	  2.58665E+00	 -1.49225E+00	  2.38746E+00	    -7.698900%
   5	  -7	  1.48661E+01	 -2.04113E+01	  2.45750E+01	 -1.61664E+00	  2.26332E+00	 -1.50985E+00	  2.11367E+00	    -6.609752%
   5	  -6	  1.48661E+01	 -1.76943E+01	  2.25471E+01	 -1.61664E+00	  1.93999E+00	 -1.52617E+00	  1.83131E+00	    -5.599673%
   5	  -5	  1.48661E+01	 -1.48927E+01	  2.05992E+01	 -1.61664E+00	  1.61665E+00	 -1.54078E+00	  1.54070E+00	    -4.695695%
   5	  -4	  1.48661E+01	 -1.20163E+01	  1.87948E+01	 -1.61664E+00	  1.29332E+00	 -1.55328E+00	  1.24256E+00	    -3.921705%
   5	  -3	  1.48661E+01	 -9.07711E+00	  1.72168E+01	 -1.61664E+00	  9.69993E-01	 -1.56336E+00	  9.37957E-01	    -3.297935%
   5	  -2	  1.48661E+01	 -6.08901E+00	  1.59670E+01	 -1.61664E+00	  6.46662E-01	 -1.57074E+00	  6.28249E-01	    -2.840486%
   5	  -1	  1.48661E+01	 -3.06731E+00	  1.51542E+01	 -1.61664E+00	  3.23331E-01	 -1.57525E+00	  3.15007E-01	    -2.561010%
   5	   0	  1.48661E+01	 -2.84622E-02	  1.48679E+01	 -1.61664E+00	  0.00000E+00	 -1.57677E+00	 -4.14476E-05	    -2.466545%
   5	   1	  1.48661E+01	  3.01055E+00	  1.51438E+01	 -1.61664E+00	 -3.23331E-01	 -1.57526E+00	 -3.15095E-01	    -2.559456%
   5	   2	  1.48661E+01	  6.03272E+00	  1.59474E+01	 -1.61664E+00	 -6.46662E-01	 -1.57076E+00	 -6.28351E-01	    -2.837415%
   5	   3	  1.48661E+01	  9.02159E+00	  1.71901E+01	 -1.61664E+00	 -9.69993E-01	 -1.56338E+00	 -9.38084E-01	    -3.293427%
   5	   4	  1.48661E+01	  1.19618E+01	  1.87629E+01	 -1.61664E+00	 -1.29332E+00	 -1.55331E+00	 -1.24272E+00	    -3.915895%
   5	   5	  1.48661E+01	  1.48395E+01	  2.05639E+01	 -1.61664E+00	 -1.61665E+00	 -1.54081E+00	 -1.54089E+00	    -4.688779%
   5	   6	  1.48661E+01	  1.76427E+01	  2.25097E+01	 -1.61664E+00	 -1.93999E+00	 -1.52620E+00	 -1.83154E+00	    -5.591921%
   5	   7	  1.48661E+01	  2.03613E+01	  2.45366E+01	 -1.61664E+00	 -2.26332E+00	 -1.50987E+00	 -2.11394E+00	    -6.601511%
   5	   8	  1.48661E+01	  2.29875E+01	  2.65974E+01	 -1.61664E+00	 -2.58665E+00	 -1.49226E+00	 -2.38775E+00	    -7.690597%
   5	   9	  1.48661E+01	  2.55154E+01	  2.86580E+01	 -1.61664E+00	 -2.90998E+00	 -1.47384E+00	 -2.65308E+00	    -8.829353%
   5	  10	  1.48661E+01	  2.79413E+01	  3.06935E+01	 -1.61664E+00	 -3.23331E+00	 -1.45516E+00	 -2.91051E+00	    -9.984563%
   5	  11	  1.48661E+01	  3.02629E+01	  3.26866E+01	 -1.61664E+00	 -3.55664E+00	 -1.43685E+00	 -3.16128E+00	   -11.116980%
   5	  12	  1.48661E+01	  3.24798E+01	  3.46251E+01	 -1.61664E+00	 -3.87997E+00	 -1.41978E+00	 -3.40770E+00	   -12.172678%
   6	 -12	  1.76685E+01	 -3.25202E+01	  3.55115E+01	 -1.93997E+00	  3.87997E+00	 -1.69566E+00	  3.39110E+00	   -12.598601%
   6	 -11	  1.76685E+01	 -3.03053E+01	  3.36777E+01	 -1.93997E+00	  3.55664E+00	 -1.71405E+00	  3.14222E+00	   -11.650514%
   6	 -10	  1.76685E+01	 -2.79857E+01	  3.18036E+01	 -1.93997E+00	  3.23331E+00	 -1.73438E+00	  2.89044E+00	   -10.602505%
   6	  -9	  1.76685E+01	 -2.55618E+01	  2.99035E+01	 -1.93997E+00	  2.90998E+00	 -1.75537E+00	  2.63288E+00	    -9.520190%
   6	  -8	  1.76685E+01	 -2.30357E+01	  2.79967E+01	 -1.93997E+00	  2.58665E+00	 -1.77619E+00	  2.36810E+00	    -8.446567%
   6	  -7	  1.76685E+01	 -2.04113E+01	  2.61096E+01	 -1.93997E+00	  2.26332E+00	 -1.79618E+00	  2.09541E+00	    -7.415851%
   6	  -6	  1.76685E+01	 -1.76943E+01	  2.42769E+01	 -1.93997E+00	  1.93999E+00	 -1.81476E+00	  1.81464E+00	    -6.457799%
   6	  -5	  1.76685E+01	 -1.48927E+01	  2.25440E+01	 -1.93997E+00	  1.61665E+00	 -1.83141E+00	  1.52608E+00	    -5.598920%
   6	  -4	  1.76685E+01	 -1.20163E+01	  2.09681E+01	 -1.93997E+00	  1.29332E+00	 -1.84568E+00	  1.23037E+00	    -4.862523%
   6	  -3	  1.76685E+01	 -9.07711E+00	  1.96185E+01	 -1.93997E+00	  9.69993E-01	 -1.85720E+00	  9.28526E-01	    -4.268366%
   6	  -2	  1.76685E+01	 -6.08901E+00	  1.85723E+01	 -1.93997E+00	  6.46662E-01	 -1.86565E+00	  6.21817E-01	    -3.832237%
   6	  -1	  1.76685E+01	 -3.06731E+00	  1.79045E+01	 -1.93997E+00	  3.23331E-01	 -1.87081E+00	  3.11741E-01	    -3.565615%
   6	   0	  1.76685E+01	 -2.84622E-02	  1.76718E+01	 -1.93997E+00	  0.00000E+00	 -1.87255E+00	 -5.95309E-05	    -3.475466%
   6	   1	  1.76685E+01	  3.01055E+00	  1.78960E+01	 -1.93997E+00	 -3.23331E-01	 -1.87082E+00	 -3.11865E-01	    -3.564134%
   6	   2	  1.76685E+01	  6.03272E+00	  1.85561E+01	 -1.93997E+00	 -6.46662E-01	 -1.86567E+00	 -6.21955E-01	    -3.829317%
   6	   3	  1.76685E+01	  9.02159E+00	  1.95959E+01	 -1.93997E+00	 -9.69993E-01	 -1.85722E+00	 -9.28686E-01	    -4.264099%
   6	   4	  1.76685E+01	  1.19618E+01	  2.09406E+01	 -1.93997E+00	 -1.29332E+00	 -1.84571E+00	 -1.23056E+00	    -4.857054%
   6	   5	  1.76685E+01	  1.48395E+01	  2.25128E+01	 -1.93997E+00	 -1.61665E+00	 -1.83144E+00	 -1.52630E+00	    -5.592460%
   6	   6	  1.76685E+01	  1.76427E+01	  2.42434E+01	 -1.93997E+00	 -1.93999E+00	 -1.81478E+00	 -1.81490E+00	    -6.450627%
   6	   7	  1.76685E+01	  2.03613E+01	  2.60746E+01	 -1.93997E+00	 -2.26332E+00	 -1.79619E+00	 -2.09569E+00	    -7.408321%
   6	   8	  1.76685E+01	  2.29875E+01	  2.79611E+01	 -1.93997E+00	 -2.58665E+00	 -1.77619E+00	 -2.36841E+00	    -8.439115%
   6	   9	  1.76685E+01	  2.55154E+01	  2.98678E+01	 -1.93997E+00	 -2.90998E+00	 -1.75534E+00	 -2.63319E+00	    -9.513355%
   6	  10	  1.76685E+01	  2.79413E+01	  3.17683E+01	 -1.93997E+00	 -3.23331E+00	 -1.73432E+00	 -2.89072E+00	   -10.596994%
   6	  11	  1.76685E+01	  3.02629E+01	  3.36430E+01	 -1.93997E+00	 -3.55664E+00	 -1.71394E+00	 -3.14243E+00	   -11.647385%
   6	  12	  1.76685E+01	  3.24798E+01	  3.54777E+01	 -1.93997E+00	 -3.87997E+00	 -1.69546E+00	 -3.39114E+00	   -12.599797%
   7	 -12	  2.03863E+01	 -3.25202E+01	  3.64629E+01	 -2.26330E+00	  3.87997E+00	 -1.96873E+00	  3.37474E+00	   -13.019820%
   7	 -11	  2.03863E+01	 -3.03053E+01	  3.47385E+01	 -2.26330E+00	  3.55664E+00	 -1.98696E+00	  3.12214E+00	   -12.214669%
   7	 -10	  2.03863E+01	 -2.79857E+01	  3.29876E+01	 -2.26330E+00	  3.23331E+00	 -2.00833E+00	  2.86884E+00	   -11.270107%
   7	  -9	  2.03863E+01	 -2.55618E+01	  3.12255E+01	 -2.26330E+00	  2.90998E+00	 -2.03087E+00	  2.61093E+00	   -10.273916%
   7	  -8	  2.03863E+01	 -2.30357E+01	  2.94726E+01	 -2.26330E+00	  2.58665E+00	 -2.05345E+00	  2.34663E+00	    -9.276142%
   7	  -7	  2.03863E+01	 -2.04113E+01	  2.77553E+01	 -2.26330E+00	  2.26332E+00	 -2.07523E+00	  2.07508E+00	    -8.313201%
   7	  -6	  2.03863E+01	 -1.76943E+01	  2.61071E+01	 -2.26330E+00	  1.93999E+00	 -2.09554E+00	  1.79605E+00	    -7.415224%
   7	  -5	  2.03863E+01	 -1.48927E+01	  2.45695E+01	 -2.26330E+00	  1.61665E+00	 -2.11379E+00	  1.50974E+00	    -6.608385%
   7	  -4	  2.03863E+01	 -1.20163E+01	  2.31921E+01	 -2.26330E+00	  1.29332E+00	 -2.12947E+00	  1.21673E+00	    -5.915439%
   7	  -3	  2.03863E+01	 -9.07711E+00	  2.20309E+01	 -2.26330E+00	  9.69993E-01	 -2.14212E+00	  9.17959E-01	    -5.355610%
   7	  -2	  2.03863E+01	 -6.08901E+00	  2.11442E+01	 -2.26330E+00	  6.46662E-01	 -2.15142E+00	  6.14605E-01	    -4.944274%
   7	  -1	  2.03863E+01	 -3.06731E+00	  2.05851E+01	 -2.26330E+00	  3.23331E-01	 -2.15711E+00	  3.08076E-01	    -4.692641%
   7	   0	  2.03863E+01	 -2.84622E-02	  2.03917E+01	 -2.26330E+00	  0.00000E+00	 -2.15902E+00	 -8.03774E-05	    -4.607534%
   7	   1	  2.03863E+01	  3.01055E+00	  2.05781E+01	 -2.26330E+00	 -3.23331E-01	 -2.15711E+00	 -3.08241E-01	    -4.691258%
   7	   2	  2.03863E+01	  6.03272E+00	  2.11306E+01	 -2.26330E+00	 -6.46662E-01	 -2.15144E+00	 -6.14783E-01	    -4.941556%
   7	   3	  2.03863E+01	  9.02159E+00	  2.20116E+01	 -2.26330E+00	 -9.69993E-01	 -2.14215E+00	 -9.18157E-01	    -5.351658%
   7	   4	  2.03863E+01	  1.19618E+01	  2.31682E+01	 -2.26330E+00	 -1.29332E+00	 -2.12949E+00	 -1.21696E+00	    -5.910409%
   7	   5	  2.03863E+01	  1.48395E+01	  2.45421E+01	 -2.26330E+00	 -1.61665E+00	 -2.11382E+00	 -1.50999E+00	    -6.602498%
   7	   6	  2.03863E+01	  1.76427E+01	  2.60771E+01	 -2.26330E+00	 -1.93999E+00	 -2.09556E+00	 -1.79633E+00	    -7.408770%
   7	   7	  2.03863E+01	  2.03613E+01	  2.77237E+01	 -2.26330E+00	 -2.26332E+00	 -2.07523E+00	 -2.07538E+00	    -8.306543%
   7	   8	  2.03863E+01	  2.29875E+01	  2.94400E+01	 -2.26330E+00	 -2.58665E+00	 -2.05342E+00	 -2.34694E+00	    -9.269735%
   7	   9	  2.03863E+01	  2.55154E+01	  3.11925E+01	 -2.26330E+00	 -2.90998E+00	 -2.03082E+00	 -2.61124E+00	   -10.268343%
   7	  10	  2.03863E+01	  2.79413E+01	  3.29546E+01	 -2.26330E+00	 -3.23331E+00	 -2.00823E+00	 -2.86910E+00	   -11.266185%
   7	  11	  2.03863E+01	  3.02629E+01	  3.47059E+01	 -2.26330E+00	 -3.55664E+00	 -1.98678E+00	 -3.12230E+00	   -12.213738%
   7	  12	  2.03863E+01	  3.24798E+01	  3.64309E+01	 -2.26330E+00	 -3.87997E+00	 -1.96842E+00	 -3.37467E+00	   -13.024662%
   8	 -12	  2.30116E+01	 -3.25202E+01	  3.74951E+01	 -2.58663E+00	  3.87997E+00	 -2.24115E+00	  3.36150E+00	   -13.360835%
   8	 -11	  2.30116E+01	 -3.03053E+01	  3.58827E+01	 -2.58663E+00	  3.55664E+00	 -2.25638E+00	  3.10230E+00	   -12.772011%
   8	 -10	  2.30116E+01	 -2.79857E+01	  3.42559E+01	 -2.58663E+00	  3.23331E+00	 -2.27731E+00	  2.84643E+00	   -11.962724%
   8	  -9	  2.30116E+01	 -2.55618E+01	  3.26305E+01	 -2.58663E+00	  2.90998E+00	 -2.30038E+00	  2.58772E+00	   -11.070840%
   8	  -8	  2.30116E+01	 -2.30357E+01	  3.10270E+01	 -2.58663E+00	  2.58665E+00	 -2.32389E+00	  2.32371E+00	   -10.161340%
   8	  -7	  2.30116E+01	 -2.04113E+01	  2.94705E+01	 -2.58663E+00	  2.26332E+00	 -2.34679E+00	  2.05328E+00	    -9.275667%
   8	  -6	  2.30116E+01	 -1.76943E+01	  2.79923E+01	 -2.58663E+00	  1.93999E+00	 -2.36826E+00	  1.77604E+00	    -8.445475%
   8	  -5	  2.30116E+01	 -1.48927E+01	  2.66288E+01	 -2.58663E+00	  1.61665E+00	 -2.38760E+00	  1.49211E+00	    -7.697089%
   8	  -4	  2.30116E+01	 -1.20163E+01	  2.54221E+01	 -2.58663E+00	  1.29332E+00	 -2.40425E+00	  1.20200E+00	    -7.052896%
   8	  -3	  2.30116E+01	 -9.07711E+00	  2.44169E+01	 -2.58663E+00	  9.69993E-01	 -2.41772E+00	  9.06529E-01	    -6.531615%
   8	  -2	  2.30116E+01	 -6.08901E+00	  2.36578E+01	 -2.58663E+00	  6.46662E-01	 -2.42763E+00	  6.06798E-01	    -6.148163%
   8	  -1	  2.30116E+01	 -3.06731E+00	  2.31831E+01	 -2.58663E+00	  3.23331E-01	 -2.43369E+00	  3.04106E-01	    -5.913416%
   8	   0	  2.30116E+01	 -2.84622E-02	  2.30197E+01	 -2.58663E+00	  0.00000E+00	 -2.43573E+00	 -1.03437E-04	    -5.834001%
   8	   1	  2.30116E+01	  3.01055E+00	  2.31772E+01	 -2.58663E+00	 -3.23331E-01	 -2.43369E+00	 -3.04317E-01	    -5.912159%
   8	   2	  2.30116E+01	  6.03272E+00	  2.36462E+01	 -2.58663E+00	 -6.46662E-01	 -2.42764E+00	 -6.07019E-01	    -6.145700%
   8	   3	  2.30116E+01	  9.02159E+00	  2.44003E+01	 -2.58663E+00	 -9.69993E-01	 -2.41774E+00	 -9.06768E-01	    -6.528056%
   8	   4	  2.30116E+01	  1.19618E+01	  2.54013E+01	 -2.58663E+00	 -1.29332E+00	 -2.40427E+00	 -1.20226E+00	    -7.048406%
   8	   5	  2.30116E+01	  1.48395E+01	  2.66047E+01	 -2.58663E+00	 -1.61665E+00	 -2.38761E+00	 -1.49240E+00	    -7.691899%
   8	   6	  2.30116E+01	  1.76427E+01	  2.79656E+01	 -2.58663E+00	 -1.93999E+00	 -2.36825E+00	 -1.77634E+00	    -8.439885%
   8	   7	  2.30116E+01	  2.03613E+01	  2.94421E+01	 -2.58663E+00	 -2.26332E+00	 -2.34677E+00	 -2.05359E+00	    -9.270060%
   8	   8	  2.30116E+01	  2.29875E+01	  3.09973E+01	 -2.58663E+00	 -2.58665E+00	 -2.32384E+00	 -2.32403E+00	   -10.156209%
   8	   9	  2.30116E+01	  2.55154E+01	  3.26003E+01	 -2.58663E+00	 -2.90998E+00	 -2.30028E+00	 -2.58802E+00	   -11.066853%
   8	  10	  2.30116E+01	  2.79413E+01	  3.42254E+01	 -2.58663E+00	 -3.23331E+00	 -2.27715E+00	 -2.84665E+00	   -11.960910%
   8	  11	  2.30116E+01	  3.02629E+01	  3.58523E+01	 -2.58663E+00	 -3.55664E+00	 -2.25611E+00	 -3.10238E+00	   -12.774278%
   8	  12	  2.30116E+01	  3.24798E+01	  3.74652E+01	 -2.58663E+00	 -3.87997E+00	 -2.24065E+00	 -3.36121E+00	   -13.371837%
   9	 -12	  2.55386E+01	 -3.25202E+01	  3.85898E+01	 -2.90996E+00	  3.87997E+00	 -2.51916E+00	  3.35865E+00	   -13.433887%
   9	 -11	  2.55386E+01	 -3.03053E+01	  3.70889E+01	 -2.90996E+00	  3.55664E+00	 -2.52459E+00	  3.08538E+00	   -13.247331%
   9	 -10	  2.55386E+01	 -2.79857E+01	  3.55839E+01	 -2.90996E+00	  3.23331E+00	 -2.54243E+00	  2.82469E+00	   -12.634316%
   9	  -9	  2.55386E+01	 -2.55618E+01	  3.40908E+01	 -2.90996E+00	  2.90998E+00	 -2.56451E+00	  2.56429E+00	   -11.875284%
   9	  -8	  2.55386E+01	 -2.30357E+01	  3.26289E+01	 -2.90996E+00	  2.58665E+00	 -2.58792E+00	  2.30017E+00	   -11.070554%
   9	  -7	  2.55386E+01	 -2.04113E+01	  3.12218E+01	 -2.90996E+00	  2.26332E+00	 -2.61111E+00	  2.03068E+00	   -10.273159%
   9	  -6	  2.55386E+01	 -1.76943E+01	  2.98975E+01	 -2.90996E+00	  1.93999E+00	 -2.63305E+00	  1.75519E+00	    -9.518833%
   9	  -5	  2.55386E+01	 -1.48927E+01	  2.86878E+01	 -2.90996E+00	  1.61665E+00	 -2.65293E+00	  1.47369E+00	    -8.835156%
   9	  -4	  2.55386E+01	 -1.20163E+01	  2.76275E+01	 -2.90996E+00	  1.29332E+00	 -2.67010E+00	  1.18656E+00	    -8.244636%
   9	  -3	  2.55386E+01	 -9.07711E+00	  2.67525E+01	 -2.90996E+00	  9.69993E-01	 -2.68403E+00	  8.94535E-01	    -7.765695%
   9	  -2	  2.55386E+01	 -6.08901E+00	  2.60971E+01	 -2.90996E+00	  6.46662E-01	 -2.69428E+00	  5.98595E-01	    -7.412854%
   9	  -1	  2.55386E+01	 -3.06731E+00	  2.56898E+01	 -2.90996E+00	  3.23331E-01	 -2.70055E+00	  2.99932E-01	    -7.196650%
   9	   0	  2.55386E+01	 -2.84622E-02	  2.55501E+01	 -2.90996E+00	  0.00000E+00	 -2.70267E+00	 -1.27989E-04	    -7.123492%
   9	   1	  2.55386E+01	  3.01055E+00	  2.56847E+01	 -2.90996E+00	 -3.23331E-01	 -2.70056E+00	 -3.00191E-01	    -7.195546%
   9	   2	  2.55386E+01	  6.03272E+00	  2.60871E+01	 -2.90996E+00	 -6.46662E-01	 -2.69428E+00	 -5.98863E-01	    -7.410702%
   9	   3	  2.55386E+01	  9.02159E+00	  2.67382E+01	 -2.90996E+00	 -9.69993E-01	 -2.68403E+00	 -8.94817E-01	    -7.762610%
   9	   4	  2.55386E+01	  1.19618E+01	  2.76093E+01	 -2.90996E+00	 -1.29332E+00	 -2.67010E+00	 -1.18686E+00	    -8.240792%
   9	   5	  2.55386E+01	  1.48395E+01	  2.86665E+01	 -2.90996E+00	 -1.61665E+00	 -2.65292E+00	 -1.47401E+00	    -8.830796%
   9	   6	  2.55386E+01	  1.76427E+01	  2.98737E+01	 -2.90996E+00	 -1.93999E+00	 -2.63302E+00	 -1.75552E+00	    -9.514277%
   9	   7	  2.55386E+01	  2.03613E+01	  3.11962E+01	 -2.90996E+00	 -2.26332E+00	 -2.61106E+00	 -2.03101E+00	   -10.268824%
   9	   8	  2.55386E+01	  2.29875E+01	  3.26019E+01	 -2.90996E+00	 -2.58665E+00	 -2.58782E+00	 -2.30049E+00	   -11.067010%
   9	   9	  2.55386E+01	  2.55154E+01	  3.40631E+01	 -2.90996E+00	 -2.90998E+00	 -2.56435E+00	 -2.56457E+00	   -11.873378%
   9	  10	  2.55386E+01	  2.79413E+01	  3.55558E+01	 -2.90996E+00	 -3.23331E+00	 -2.54217E+00	 -2.82486E+00	   -12.635517%
   9	  11	  2.55386E+01	  3.02629E+01	  3.70607E+01	 -2.90996E+00	 -3.55664E+00	 -2.52414E+00	 -3.08530E+00	   -13.254834%
   9	  12	  2.55386E+01	  3.24798E+01	  3.85618E+01	 -2.90996E+00	 -3.87997E+00	 -2.51824E+00	 -3.35788E+00	   -13.458011%
  10	 -12	  2.79635E+01	 -3.25202E+01	  3.97299E+01	 -3.23329E+00	  3.87997E+00	 -2.83207E+00	  3.39829E+00	   -12.412267%
  10	 -11	  2.79635E+01	 -3.03053E+01	  3.83377E+01	 -3.23329E+00	  3.55664E+00	 -2.79816E+00	  3.07775E+00	   -13.461468%
  10	 -10	  2.79635E+01	 -2.79857E+01	  3.69502E+01	 -3.23329E+00	  3.23331E+00	 -2.80654E+00	  2.80631E+00	   -13.202434%
  10	  -9	  2.79635E+01	 -2.55618E+01	  3.55825E+01	 -3.23329E+00	  2.90998E+00	 -2.82491E+00	  2.54219E+00	   -12.634321%
  10	  -8	  2.79635E+01	 -2.30357E+01	  3.42528E+01	 -3.23329E+00	  2.58665E+00	 -2.84662E+00	  2.27708E+00	   -11.962424%
  10	  -7	  2.79635E+01	 -2.04113E+01	  3.29826E+01	 -3.23329E+00	  2.26332E+00	 -2.86902E+00	  2.00811E+00	   -11.269332%
  10	  -6	  2.79635E+01	 -1.76943E+01	  3.17966E+01	 -3.23329E+00	  1.93999E+00	 -2.89061E+00	  1.73417E+00	   -10.601141%
  10	  -5	  2.79635E+01	 -1.48927E+01	  3.07219E+01	 -3.23329E+00	  1.61665E+00	 -2.91038E+00	  1.45501E+00	    -9.989284%
  10	  -4	  2.79635E+01	 -1.20163E+01	  2.97873E+01	 -3.23329E+00	  1.29332E+00	 -2.92756E+00	  1.17085E+00	    -9.457571%
  10	  -3	  2.79635E+01	 -9.07711E+00	  2.90218E+01	 -3.23329E+00	  9.69993E-01	 -2.94154E+00	  8.82298E-01	    -9.024685%
  10	  -2	  2.79635E+01	 -6.08901E+00	  2.84520E+01	 -3.23329E+00	  6.46662E-01	 -2.95186E+00	  5.90214E-01	    -8.705013%
  10	  -1	  2.79635E+01	 -3.06731E+00	  2.80996E+01	 -3.23329E+00	  3.23331E-01	 -2.95819E+00	  2.95664E-01	    -8.508865%
  10	   0	  2.79635E+01	 -2.84622E-02	  2.79789E+01	 -3.23329E+00	  0.00000E+00	 -2.96032E+00	 -1.53177E-04	    -8.442474%
  10	   1	  2.79635E+01	  3.01055E+00	  2.80951E+01	 -3.23329E+00	 -3.23331E-01	 -2.95819E+00	 -2.95973E-01	    -8.507943%
  10	   2	  2.79635E+01	  6.03272E+00	  2.84433E+01	 -3.23329E+00	 -6.46662E-01	 -2.95186E+00	 -5.90530E-01	    -8.703229%
  10	   3	  2.79635E+01	  9.02159E+00	  2.90093E+01	 -3.23329E+00	 -9.69993E-01	 -2.94153E+00	 -8.82624E-01	    -9.022160%
  10	   4	  2.79635E+01	  1.19618E+01	  2.97714E+01	 -3.23329E+00	 -1.29332E+00	 -2.92754E+00	 -1.17119E+00	    -9.454492%
  10	   5	  2.79635E+01	  1.48395E+01	  3.07030E+01	 -3.23329E+00	 -1.61665E+00	 -2.91035E+00	 -1.45536E+00	    -9.985912%
  10	   6	  2.79635E+01	  1.76427E+01	  3.17753E+01	 -3.23329E+00	 -1.93999E+00	 -2.89055E+00	 -1.73452E+00	   -10.597835%
  10	   7	  2.79635E+01	  2.03613E+01	  3.29596E+01	 -3.23329E+00	 -2.26332E+00	 -2.86892E+00	 -2.00845E+00	   -11.266585%
  10	   8	  2.79635E+01	  2.29875E+01	  3.42284E+01	 -3.23329E+00	 -2.58665E+00	 -2.84646E+00	 -2.27738E+00	   -11.960973%
  10	   9	  2.79635E+01	  2.55154E+01	  3.55572E+01	 -3.23329E+00	 -2.90998E+00	 -2.82464E+00	 -2.54241E+00	   -12.635402%
  10	  10	  2.79635E+01	  2.79413E+01	  3.69244E+01	 -3.23329E+00	 -3.23331E+00	 -2.80611E+00	 -2.80634E+00	   -13.208570%
  10	  11	  2.79635E+01	  3.02629E+01	  3.83117E+01	 -3.23329E+00	 -3.55664E+00	 -2.79734E+00	 -3.07731E+00	   -13.479789%
  10	  12	  2.79635E+01	  3.24798E+01	  3.97038E+01	 -3.23329E+00	 -3.87997E+00	 -2.82931E+00	 -3.39536E+00	   -12.491821%
  11	 -11	  3.02841E+01	 -3.03053E+01	  3.96126E+01	 -3.55662E+00	  3.55664E+00	 -3.10662E+00	  3.10642E+00	   -12.655486%
  11	 -10	  3.02841E+01	 -2.79857E+01	  3.83366E+01	 -3.55662E+00	  3.23331E+00	 -3.07794E+00	  2.79790E+00	   -13.462258%
  11	  -9	  3.02841E+01	 -2.55618E+01	  3.70863E+01	 -3.55662E+00	  2.90998E+00	 -3.08556E+00	  2.52432E+00	   -13.247914%
  11	  -8	  3.02841E+01	 -2.30357E+01	  3.58785E+01	 -3.55662E+00	  2.58665E+00	 -3.10248E+00	  2.25612E+00	   -12.772159%
  11	  -7	  3.02841E+01	 -2.04113E+01	  3.47326E+01	 -3.55662E+00	  2.26332E+00	 -3.12231E+00	  1.98670E+00	   -12.214274%
  11	  -6	  3.02841E+01	 -1.76943E+01	  3.36698E+01	 -3.55662E+00	  1.93999E+00	 -3.14238E+00	  1.71382E+00	   -11.649509%
  11	  -5	  3.02841E+01	 -1.48927E+01	  3.27134E+01	 -3.55662E+00	  1.61665E+00	 -3.16120E+00	  1.43671E+00	   -11.120063%
  11	  -4	  3.02841E+01	 -1.20163E+01	  3.18872E+01	 -3.55662E+00	  1.29332E+00	 -3.17776E+00	  1.15535E+00	   -10.654028%
  11	  -3	  3.02841E+01	 -9.07711E+00	  3.12145E+01	 -3.55662E+00	  9.69993E-01	 -3.19134E+00	  8.70178E-01	   -10.271749%
  11	  -2	  3.02841E+01	 -6.08901E+00	  3.07162E+01	 -3.55662E+00	  6.46662E-01	 -3.20141E+00	  5.81892E-01	    -9.988178%
  11	  -1	  3.02841E+01	 -3.06731E+00	  3.04091E+01	 -3.55662E+00	  3.23331E-01	 -3.20760E+00	  2.91421E-01	    -9.813747%
  11	   0	  3.02841E+01	 -2.84622E-02	  3.03042E+01	 -3.55662E+00	  0.00000E+00	 -3.20968E+00	 -1.78009E-04	    -9.754672%
  11	   1	  3.02841E+01	  3.01055E+00	  3.04053E+01	 -3.55662E+00	 -3.23331E-01	 -3.20759E+00	 -2.91778E-01	    -9.813040%
  11	   2	  3.02841E+01	  6.03272E+00	  3.07086E+01	 -3.55662E+00	 -6.46662E-01	 -3.20139E+00	 -5.82254E-01	    -9.986829%
  11	   3	  3.02841E+01	  9.02159E+00	  3.12035E+01	 -3.55662E+00	 -9.69993E-01	 -3.19131E+00	 -8.70545E-01	   -10.269891%
  11	   4	  3.02841E+01	  1.19618E+01	  3.18732E+01	 -3.55662E+00	 -1.29332E+00	 -3.17771E+00	 -1.15573E+00	   -10.651870%
  11	   5	  3.02841E+01	  1.48395E+01	  3.26967E+01	 -3.55662E+00	 -1.61665E+00	 -3.16112E+00	 -1.43708E+00	   -11.117910%
  11	   6	  3.02841E+01	  1.76427E+01	  3.36509E+01	 -3.55662E+00	 -1.93999E+00	 -3.14227E+00	 -1.71418E+00	   -11.647802%
  11	   7	  3.02841E+01	  2.03613E+01	  3.47118E+01	 -3.55662E+00	 -2.26332E+00	 -3.12213E+00	 -1.98703E+00	   -12.213681%
  11	   8	  3.02841E+01	  2.29875E+01	  3.58565E+01	 -3.55662E+00	 -2.58665E+00	 -3.10220E+00	 -2.25637E+00	   -12.773807%
  11	   9	  3.02841E+01	  2.55154E+01	  3.70632E+01	 -3.55662E+00	 -2.90998E+00	 -3.08512E+00	 -2.52442E+00	   -13.254052%
  11	  10	  3.02841E+01	  2.79413E+01	  3.83129E+01	 -3.55662E+00	 -3.23331E+00	 -3.07712E+00	 -2.79761E+00	   -13.478913%
  11	  11	  3.02841E+01	  3.02629E+01	  3.95886E+01	 -3.55662E+00	 -3.55664E+00	 -3.10425E+00	 -3.10445E+00	   -12.716566%
  12	 -10	  3.25000E+01	 -2.79857E+01	  3.97277E+01	 -3.87995E+00	  3.23331E+00	 -3.39820E+00	  2.83165E+00	   -12.418930%
  12	  -9	  3.25000E+01	 -2.55618E+01	  3.85863E+01	 -3.87995E+00	  2.90998E+00	 -3.35872E+00	  2.51882E+00	   -13.436783%
  12	  -8	  3.25000E+01	 -2.30357E+01	  3.74901E+01	 -3.87995E+00	  2.58665E+00	 -3.36160E+00	  2.24084E+00	   -13.362480%
  12	  -7	  3.25000E+01	 -2.04113E+01	  3.64562E+01	 -3.87995E+00	  2.26332E+00	 -3.37486E+00	  1.96844E+00	   -13.020575%
  12	  -6	  3.25000E+01	 -1.76943E+01	  3.55031E+01	 -3.87995E+00	  1.93999E+00	 -3.39122E+00	  1.69538E+00	   -12.598584%
  12	  -5	  3.25000E+01	 -1.48927E+01	  3.46504E+01	 -3.87995E+00	  1.61665E+00	 -3.40772E+00	  1.41966E+00	   -12.173162%
  12	  -4	  3.25000E+01	 -1.20163E+01	  3.39178E+01	 -3.87995E+00	  1.29332E+00	 -3.42274E+00	  1.14070E+00	   -11.785565%
  12	  -3	  3.25000E+01	 -9.07711E+00	  3.33242E+01	 -3.87995E+00	  9.69993E-01	 -3.43529E+00	  8.58613E-01	   -11.461695%
  12	  -2	  3.25000E+01	 -6.08901E+00	  3.28862E+01	 -3.87995E+00	  6.46662E-01	 -3.44469E+00	  5.73911E-01	   -11.218934%
  12	  -1	  3.25000E+01	 -3.06731E+00	  3.26171E+01	 -3.87995E+00	  3.23331E-01	 -3.45050E+00	  2.87340E-01	   -11.068765%
  12	   0	  3.25000E+01	 -2.84622E-02	  3.25253E+01	 -3.87995E+00	  0.00000E+00	 -3.45246E+00	 -2.01220E-04	   -11.017827%
  12	   1	  3.25000E+01	  3.01055E+00	  3.26137E+01	 -3.87995E+00	 -3.23331E-01	 -3.45049E+00	 -2.87743E-01	   -11.068322%
  12	   2	  3.25000E+01	  6.03272E+00	  3.28796E+01	 -3.87995E+00	 -6.46662E-01	 -3.44466E+00	 -5.74314E-01	   -11.218123%
  12	   3	  3.25000E+01	  9.02159E+00	  3.33145E+01	 -3.87995E+00	 -9.69993E-01	 -3.43523E+00	 -8.59017E-01	   -11.460676%
  12	   4	  3.25000E+01	  1.19618E+01	  3.39053E+01	 -3.87995E+00	 -1.29332E+00	 -3.42265E+00	 -1.14110E+00	   -11.784600%
  12	   5	  3.25000E+01	  1.48395E+01	  3.46355E+01	 -3.87995E+00	 -1.61665E+00	 -3.40758E+00	 -1.42005E+00	   -12.172655%
  12	   6	  3.25000E+01	  1.76427E+01	  3.54861E+01	 -3.87995E+00	 -1.93999E+00	 -3.39102E+00	 -1.69574E+00	   -12.599181%
  12	   7	  3.25000E+01	  2.03613E+01	  3.64376E+01	 -3.87995E+00	 -2.26332E+00	 -3.37455E+00	 -1.96872E+00	   -13.023400%
  12	   8	  3.25000E+01	  2.29875E+01	  3.74702E+01	 -3.87995E+00	 -2.58665E+00	 -3.36110E+00	 -2.24097E+00	   -13.369814%
  12	   9	  3.25000E+01	  2.55154E+01	  3.85653E+01	 -3.87995E+00	 -2.90998E+00	 -3.35780E+00	 -2.51858E+00	   -13.454876%
  12	  10	  3.25000E+01	  2.79413E+01	  3.97060E+01	 -3.87995E+00	 -3.23331E+00	 -3.39544E+00	 -2.82972E+00	   -12.485222%


Maximum distortion: -13.4798%
Predicted coordinate ABCD matrix:
A =        -6.09
B =            0
C =            0
D =        -6.09

SMIA TV Distortion 0.0000%
