Listing of Grid Distortion Data

File : F:\Dropbox\Eduardo Fundus camera\Real 3mm pupil\fund41 MTF 3mm pupil 2mm air gap 90deg field..zmx
Title: 
Date : 8/21/2018
Configuration 1 of 5

Units are Millimeters.
Field units are degrees
WARNING: Field units have been changed from real image height to field angle.
Wavelength: 0.47000 ?m
Reference Coordinates: Xref =  0.00000E+00, Yref =  5.39847E-05
 -12  -12 Ray Error
 -12   12 Ray Error
  12  -12 Ray Error
  12   12 Ray Error

   i	   j	   X-Field  	   Y-Field  	   R-Field  	  Predicted X	  Predicted Y	   Real X	        Real Y	        Distortion
 -12	 -11	 -3.25000E+01	 -3.03053E+01	  4.09040E+01	  3.87959E+00	  3.55630E+00	  3.47141E+00	  3.18192E+00	   -10.523941%
 -12	 -10	 -3.25000E+01	 -2.79857E+01	  3.97324E+01	  3.87959E+00	  3.23300E+00	  3.33616E+00	  2.77988E+00	   -14.010743%
 -12	  -9	 -3.25000E+01	 -2.55618E+01	  3.85908E+01	  3.87959E+00	  2.90970E+00	  3.33202E+00	  2.49874E+00	   -14.117623%
 -12	  -8	 -3.25000E+01	 -2.30357E+01	  3.74944E+01	  3.87959E+00	  2.58640E+00	  3.34489E+00	  2.22966E+00	   -13.785609%
 -12	  -7	 -3.25000E+01	 -2.04113E+01	  3.64603E+01	  3.87959E+00	  2.26310E+00	  3.36276E+00	  1.96135E+00	   -13.324827%
 -12	  -6	 -3.25000E+01	 -1.76943E+01	  3.55070E+01	  3.87959E+00	  1.93980E+00	  3.38164E+00	  1.69057E+00	   -12.837747%
 -12	  -5	 -3.25000E+01	 -1.48927E+01	  3.46542E+01	  3.87959E+00	  1.61650E+00	  3.39964E+00	  1.41627E+00	   -12.373556%
 -12	  -4	 -3.25000E+01	 -1.20163E+01	  3.39215E+01	  3.87959E+00	  1.29320E+00	  3.41559E+00	  1.13830E+00	   -11.961804%
 -12	  -3	 -3.25000E+01	 -9.07711E+00	  3.33277E+01	  3.87959E+00	  9.69900E-01	  3.42873E+00	  8.56957E-01	   -11.622652%
 -12	  -2	 -3.25000E+01	 -6.08901E+00	  3.28897E+01	  3.87959E+00	  6.46600E-01	  3.43850E+00	  5.72862E-01	   -11.370460%
 -12	  -1	 -3.25000E+01	 -3.06731E+00	  3.26206E+01	  3.87959E+00	  3.23300E-01	  3.44451E+00	  2.86824E-01	   -11.215097%
 -12	   0	 -3.25000E+01	 -2.84622E-02	  3.25287E+01	  3.87959E+00	 -0.00000E+00	  3.44654E+00	 -2.17514E-04	   -11.162405%
 -12	   1	 -3.25000E+01	  3.01055E+00	  3.26172E+01	  3.87959E+00	 -3.23300E-01	  3.44450E+00	 -2.87261E-01	   -11.214337%
 -12	   2	 -3.25000E+01	  6.03272E+00	  3.28831E+01	  3.87959E+00	 -6.46600E-01	  3.43849E+00	 -5.73303E-01	   -11.368997%
 -12	   3	 -3.25000E+01	  9.02159E+00	  3.33181E+01	  3.87959E+00	 -9.69900E-01	  3.42871E+00	 -8.57404E-01	   -11.620605%
 -12	   4	 -3.25000E+01	  1.19618E+01	  3.39090E+01	  3.87959E+00	 -1.29320E+00	  3.41555E+00	 -1.13875E+00	   -11.959362%
 -12	   5	 -3.25000E+01	  1.48395E+01	  3.46393E+01	  3.87959E+00	 -1.61650E+00	  3.39956E+00	 -1.41673E+00	   -12.371004%
 -12	   6	 -3.25000E+01	  1.76427E+01	  3.54901E+01	  3.87959E+00	 -1.93980E+00	  3.38153E+00	 -1.69101E+00	   -12.835517%
 -12	   7	 -3.25000E+01	  2.03613E+01	  3.64417E+01	  3.87959E+00	 -2.26310E+00	  3.36258E+00	 -1.96176E+00	   -13.323637%
 -12	   8	 -3.25000E+01	  2.29875E+01	  3.74745E+01	  3.87959E+00	 -2.58640E+00	  3.34460E+00	 -2.23000E+00	   -13.786819%
 -12	   9	 -3.25000E+01	  2.55154E+01	  3.85698E+01	  3.87959E+00	 -2.90970E+00	  3.33150E+00	 -2.49889E+00	   -14.124409%
 -12	  10	 -3.25000E+01	  2.79413E+01	  3.97107E+01	  3.87959E+00	 -3.23300E+00	  3.33499E+00	 -2.77942E+00	   -14.034268%
 -12	  11	 -3.25000E+01	  3.02629E+01	  4.08819E+01	  3.87959E+00	 -3.55630E+00	  3.46035E+00	 -3.17220E+00	   -10.803701%
 -11	 -12	 -3.02841E+01	 -3.25202E+01	  4.09051E+01	  3.55629E+00	  3.87960E+00	  3.18262E+00	  3.47174E+00	   -10.510411%
 -11	 -11	 -3.02841E+01	 -3.03053E+01	  3.96173E+01	  3.55629E+00	  3.55630E+00	  3.05630E+00	  3.05604E+00	   -14.063108%
 -11	 -10	 -3.02841E+01	 -2.79857E+01	  3.83410E+01	  3.55629E+00	  3.23300E+00	  3.05630E+00	  2.77818E+00	   -14.063382%
 -11	  -9	 -3.02841E+01	 -2.55618E+01	  3.70905E+01	  3.55629E+00	  2.90970E+00	  3.07219E+00	  2.51334E+00	   -13.616315%
 -11	  -8	 -3.02841E+01	 -2.30357E+01	  3.58826E+01	  3.55629E+00	  2.58640E+00	  3.09290E+00	  2.24913E+00	   -13.033754%
 -11	  -7	 -3.02841E+01	 -2.04113E+01	  3.47364E+01	  3.55629E+00	  2.26310E+00	  3.11478E+00	  1.98189E+00	   -12.418076%
 -11	  -6	 -3.02841E+01	 -1.76943E+01	  3.36735E+01	  3.55629E+00	  1.93980E+00	  3.13606E+00	  1.71035E+00	   -11.819250%
 -11	  -5	 -3.02841E+01	 -1.48927E+01	  3.27169E+01	  3.55629E+00	  1.61650E+00	  3.15563E+00	  1.43416E+00	   -11.268622%
 -11	  -4	 -3.02841E+01	 -1.20163E+01	  3.18906E+01	  3.55629E+00	  1.29320E+00	  3.17267E+00	  1.15349E+00	   -10.788964%
 -11	  -3	 -3.02841E+01	 -9.07711E+00	  3.12178E+01	  3.55629E+00	  9.69900E-01	  3.18657E+00	  8.68862E-01	   -10.397828%
 -11	  -2	 -3.02841E+01	 -6.08901E+00	  3.07194E+01	  3.55629E+00	  6.46600E-01	  3.19683E+00	  5.81046E-01	   -10.108658%
 -11	  -1	 -3.02841E+01	 -3.06731E+00	  3.04122E+01	  3.55629E+00	  3.23300E-01	  3.20313E+00	  2.91001E-01	    -9.931077%
 -11	   0	 -3.02841E+01	 -2.84622E-02	  3.03073E+01	  3.55629E+00	 -0.00000E+00	  3.20525E+00	 -1.91153E-04	    -9.870904%
 -11	   1	 -3.02841E+01	  3.01055E+00	  3.04084E+01	  3.55629E+00	 -3.23300E-01	  3.20313E+00	 -2.91386E-01	    -9.930105%
 -11	   2	 -3.02841E+01	  6.03272E+00	  3.07118E+01	  3.55629E+00	 -6.46600E-01	  3.19683E+00	 -5.81438E-01	   -10.106769%
 -11	   3	 -3.02841E+01	  9.02159E+00	  3.12068E+01	  3.55629E+00	 -9.69900E-01	  3.18656E+00	 -8.69264E-01	   -10.395130%
 -11	   4	 -3.02841E+01	  1.19618E+01	  3.18765E+01	  3.55629E+00	 -1.29320E+00	  3.17266E+00	 -1.15390E+00	   -10.785622%
 -11	   5	 -3.02841E+01	  1.48395E+01	  3.27002E+01	  3.55629E+00	 -1.61650E+00	  3.15560E+00	 -1.43458E+00	   -11.264868%
 -11	   6	 -3.02841E+01	  1.76427E+01	  3.36545E+01	  3.55629E+00	 -1.93980E+00	  3.13601E+00	 -1.71078E+00	   -11.815399%
 -11	   7	 -3.02841E+01	  2.03613E+01	  3.47157E+01	  3.55629E+00	 -2.26310E+00	  3.11469E+00	 -1.98232E+00	   -12.414585%
 -11	   8	 -3.02841E+01	  2.29875E+01	  3.58605E+01	  3.55629E+00	 -2.58640E+00	  3.09274E+00	 -2.24952E+00	   -13.031355%
 -11	   9	 -3.02841E+01	  2.55154E+01	  3.70675E+01	  3.55629E+00	 -2.90970E+00	  3.07193E+00	 -2.51366E+00	   -13.616382%
 -11	  10	 -3.02841E+01	  2.79413E+01	  3.83173E+01	  3.55629E+00	 -3.23300E+00	  3.05582E+00	 -2.77829E+00	   -14.069140%
 -11	  11	 -3.02841E+01	  3.02629E+01	  3.95932E+01	  3.55629E+00	 -3.55630E+00	  3.05523E+00	 -3.05549E+00	   -14.085977%
 -11	  12	 -3.02841E+01	  3.24798E+01	  4.08809E+01	  3.55629E+00	 -3.87960E+00	  3.17155E+00	 -3.46009E+00	   -10.815665%
 -10	 -12	 -2.79635E+01	 -3.25202E+01	  3.97346E+01	  3.23299E+00	  3.87960E+00	  2.78023E+00	  3.33602E+00	   -14.008398%
 -10	 -11	 -2.79635E+01	 -3.03053E+01	  3.83422E+01	  3.23299E+00	  3.55630E+00	  2.77847E+00	  3.05605E+00	   -14.063110%
 -10	 -10	 -2.79635E+01	 -2.79857E+01	  3.69544E+01	  3.23299E+00	  3.23300E+00	  2.79489E+00	  2.79462E+00	   -13.555266%
 -10	  -9	 -2.79635E+01	 -2.55618E+01	  3.55865E+01	  3.23299E+00	  2.90970E+00	  2.81677E+00	  2.53484E+00	   -12.878264%
 -10	  -8	 -2.79635E+01	 -2.30357E+01	  3.42566E+01	  3.23299E+00	  2.58640E+00	  2.84033E+00	  2.27202E+00	   -12.149292%
 -10	  -7	 -2.79635E+01	 -2.04113E+01	  3.29862E+01	  3.23299E+00	  2.26310E+00	  2.86378E+00	  2.00443E+00	   -11.423348%
 -10	  -6	 -2.79635E+01	 -1.76943E+01	  3.17999E+01	  3.23299E+00	  1.93980E+00	  2.88603E+00	  1.73141E+00	   -10.734991%
 -10	  -5	 -2.79635E+01	 -1.48927E+01	  3.07250E+01	  3.23299E+00	  1.61650E+00	  2.90621E+00	  1.45291E+00	   -10.110115%
 -10	  -4	 -2.79635E+01	 -1.20163E+01	  2.97904E+01	  3.23299E+00	  1.29320E+00	  2.92367E+00	  1.16928E+00	    -9.569694%
 -10	  -3	 -2.79635E+01	 -9.07711E+00	  2.90248E+01	  3.23299E+00	  9.69900E-01	  2.93784E+00	  8.81176E-01	    -9.130911%
 -10	  -2	 -2.79635E+01	 -6.08901E+00	  2.84549E+01	  3.23299E+00	  6.46600E-01	  2.94828E+00	  5.89487E-01	    -8.807365%
 -10	  -1	 -2.79635E+01	 -3.06731E+00	  2.81024E+01	  3.23299E+00	  3.23300E-01	  2.95468E+00	  2.95303E-01	    -8.608967%
 -10	   0	 -2.79635E+01	 -2.84622E-02	  2.79817E+01	  3.23299E+00	 -0.00000E+00	  2.95684E+00	 -1.64215E-04	    -8.541764%
 -10	   1	 -2.79635E+01	  3.01055E+00	  2.80980E+01	  3.23299E+00	 -3.23300E-01	  2.95469E+00	 -2.95634E-01	    -8.607806%
 -10	   2	 -2.79635E+01	  6.03272E+00	  2.84462E+01	  3.23299E+00	 -6.46600E-01	  2.94829E+00	 -5.89828E-01	    -8.805097%
 -10	   3	 -2.79635E+01	  9.02159E+00	  2.90122E+01	  3.23299E+00	 -9.69900E-01	  2.93785E+00	 -8.81531E-01	    -9.127644%
 -10	   4	 -2.79635E+01	  1.19618E+01	  2.97744E+01	  3.23299E+00	 -1.29320E+00	  2.92368E+00	 -1.16966E+00	    -9.565591%
 -10	   5	 -2.79635E+01	  1.48395E+01	  3.07062E+01	  3.23299E+00	 -1.61650E+00	  2.90621E+00	 -1.45330E+00	   -10.105391%
 -10	   6	 -2.79635E+01	  1.76427E+01	  3.17787E+01	  3.23299E+00	 -1.93980E+00	  2.88601E+00	 -1.73181E+00	   -10.729923%
 -10	   7	 -2.79635E+01	  2.03613E+01	  3.29631E+01	  3.23299E+00	 -2.26310E+00	  2.86374E+00	 -2.00484E+00	   -11.418295%
 -10	   8	 -2.79635E+01	  2.29875E+01	  3.42322E+01	  3.23299E+00	 -2.58640E+00	  2.84024E+00	 -2.27243E+00	   -12.144755%
 -10	   9	 -2.79635E+01	  2.55154E+01	  3.55612E+01	  3.23299E+00	 -2.90970E+00	  2.81662E+00	 -2.53521E+00	   -12.875044%
 -10	  10	 -2.79635E+01	  2.79413E+01	  3.69286E+01	  3.23299E+00	 -3.23300E+00	  2.79464E+00	 -2.79490E+00	   -13.554911%
 -10	  11	 -2.79635E+01	  3.02629E+01	  3.83161E+01	  3.23299E+00	 -3.55630E+00	  2.77800E+00	 -3.05607E+00	   -14.069444%
 -10	  12	 -2.79635E+01	  3.24798E+01	  3.97086E+01	  3.23299E+00	 -3.87960E+00	  2.77907E+00	 -3.33514E+00	   -14.036627%
  -9	 -12	 -2.55386E+01	 -3.25202E+01	  3.85943E+01	  2.90969E+00	  3.87960E+00	  2.49908E+00	  3.33184E+00	   -14.116537%
  -9	 -11	 -2.55386E+01	 -3.03053E+01	  3.70931E+01	  2.90969E+00	  3.55630E+00	  2.51363E+00	  3.07195E+00	   -13.616347%
  -9	 -10	 -2.55386E+01	 -2.79857E+01	  3.55879E+01	  2.90969E+00	  3.23300E+00	  2.53510E+00	  2.81652E+00	   -12.878465%
  -9	  -9	 -2.55386E+01	 -2.55618E+01	  3.40945E+01	  2.90969E+00	  2.90970E+00	  2.55899E+00	  2.55875E+00	   -12.057183%
  -9	  -8	 -2.55386E+01	 -2.30357E+01	  3.26323E+01	  2.90969E+00	  2.58640E+00	  2.58340E+00	  2.29614E+00	   -11.217858%
  -9	  -7	 -2.55386E+01	 -2.04113E+01	  3.12251E+01	  2.90969E+00	  2.26310E+00	  2.60719E+00	  2.02762E+00	   -10.399699%
  -9	  -6	 -2.55386E+01	 -1.76943E+01	  2.99006E+01	  2.90969E+00	  1.93980E+00	  2.62952E+00	  1.75283E+00	    -9.632043%
  -9	  -5	 -2.55386E+01	 -1.48927E+01	  2.86907E+01	  2.90969E+00	  1.61650E+00	  2.64966E+00	  1.47186E+00	    -8.939283%
  -9	  -4	 -2.55386E+01	 -1.20163E+01	  2.76303E+01	  2.90969E+00	  1.29320E+00	  2.66702E+00	  1.18518E+00	    -8.342303%
  -9	  -3	 -2.55386E+01	 -9.07711E+00	  2.67552E+01	  2.90969E+00	  9.69900E-01	  2.68108E+00	  8.93541E-01	    -7.858709%
  -9	  -2	 -2.55386E+01	 -6.08901E+00	  2.60996E+01	  2.90969E+00	  6.46600E-01	  2.69142E+00	  5.97950E-01	    -7.502641%
  -9	  -1	 -2.55386E+01	 -3.06731E+00	  2.56923E+01	  2.90969E+00	  3.23300E-01	  2.69775E+00	  2.99611E-01	    -7.284484%
  -9	   0	 -2.55386E+01	 -2.84622E-02	  2.55525E+01	  2.90969E+00	 -0.00000E+00	  2.69989E+00	 -1.37470E-04	    -7.210600%
  -9	   1	 -2.55386E+01	  3.01055E+00	  2.56872E+01	  2.90969E+00	 -3.23300E-01	  2.69776E+00	 -2.99890E-01	    -7.283148%
  -9	   2	 -2.55386E+01	  6.03272E+00	  2.60897E+01	  2.90969E+00	 -6.46600E-01	  2.69144E+00	 -5.98240E-01	    -7.500024%
  -9	   3	 -2.55386E+01	  9.02159E+00	  2.67408E+01	  2.90969E+00	 -9.69900E-01	  2.68109E+00	 -8.93849E-01	    -7.854923%
  -9	   4	 -2.55386E+01	  1.19618E+01	  2.76121E+01	  2.90969E+00	 -1.29320E+00	  2.66704E+00	 -1.18551E+00	    -8.337512%
  -9	   5	 -2.55386E+01	  1.48395E+01	  2.86694E+01	  2.90969E+00	 -1.61650E+00	  2.64968E+00	 -1.47222E+00	    -8.933703%
  -9	   6	 -2.55386E+01	  1.76427E+01	  2.98768E+01	  2.90969E+00	 -1.93980E+00	  2.62952E+00	 -1.75320E+00	    -9.625942%
  -9	   7	 -2.55386E+01	  2.03613E+01	  3.11994E+01	  2.90969E+00	 -2.26310E+00	  2.60718E+00	 -2.02801E+00	   -10.393403%
  -9	   8	 -2.55386E+01	  2.29875E+01	  3.26054E+01	  2.90969E+00	 -2.58640E+00	  2.58336E+00	 -2.29654E+00	   -11.211775%
  -9	   9	 -2.55386E+01	  2.55154E+01	  3.40668E+01	  2.90969E+00	 -2.90970E+00	  2.55891E+00	 -2.55914E+00	   -12.051882%
  -9	  10	 -2.55386E+01	  2.79413E+01	  3.55598E+01	  2.90969E+00	 -3.23300E+00	  2.53495E+00	 -2.81687E+00	   -12.874888%
  -9	  11	 -2.55386E+01	  3.02629E+01	  3.70649E+01	  2.90969E+00	 -3.55630E+00	  2.51337E+00	 -3.07216E+00	   -13.616428%
  -9	  12	 -2.55386E+01	  3.24798E+01	  3.85663E+01	  2.90969E+00	 -3.87960E+00	  2.49856E+00	 -3.33168E+00	   -14.125585%
  -8	 -12	 -2.30116E+01	 -3.25202E+01	  3.74994E+01	  2.58639E+00	  3.87960E+00	  2.22998E+00	  3.34470E+00	   -13.785379%
  -8	 -11	 -2.30116E+01	 -3.03053E+01	  3.58867E+01	  2.58639E+00	  3.55630E+00	  2.24940E+00	  3.09267E+00	   -13.034268%
  -8	 -10	 -2.30116E+01	 -2.79857E+01	  3.42596E+01	  2.58639E+00	  3.23300E+00	  2.27227E+00	  2.84010E+00	   -12.149907%
  -8	  -9	 -2.30116E+01	 -2.55618E+01	  3.26340E+01	  2.58639E+00	  2.90970E+00	  2.29636E+00	  2.58318E+00	   -11.218265%
  -8	  -8	 -2.30116E+01	 -2.30357E+01	  3.10302E+01	  2.58639E+00	  2.58640E+00	  2.32047E+00	  2.32027E+00	   -10.285711%
  -8	  -7	 -2.30116E+01	 -2.04113E+01	  2.94735E+01	  2.58639E+00	  2.26310E+00	  2.34374E+00	  2.05059E+00	    -9.385506%
  -8	  -6	 -2.30116E+01	 -1.76943E+01	  2.79951E+01	  2.58639E+00	  1.93980E+00	  2.36546E+00	  1.77393E+00	    -8.545362%
  -8	  -5	 -2.30116E+01	 -1.48927E+01	  2.66315E+01	  2.58639E+00	  1.61650E+00	  2.38499E+00	  1.49047E+00	    -7.789644%
  -8	  -4	 -2.30116E+01	 -1.20163E+01	  2.54246E+01	  2.58639E+00	  1.29320E+00	  2.40179E+00	  1.20076E+00	    -7.139789%
  -8	  -3	 -2.30116E+01	 -9.07711E+00	  2.44193E+01	  2.58639E+00	  9.69900E-01	  2.41537E+00	  9.05638E-01	    -6.614118%
  -8	  -2	 -2.30116E+01	 -6.08901E+00	  2.36600E+01	  2.58639E+00	  6.46600E-01	  2.42536E+00	  6.06221E-01	    -6.227440%
  -8	  -1	 -2.30116E+01	 -3.06731E+00	  2.31853E+01	  2.58639E+00	  3.23300E-01	  2.43147E+00	  3.03820E-01	    -5.990666%
  -8	   0	 -2.30116E+01	 -2.84622E-02	  2.30219E+01	  2.58639E+00	 -0.00000E+00	  2.43353E+00	 -1.11593E-04	    -5.910485%
  -8	   1	 -2.30116E+01	  3.01055E+00	  2.31793E+01	  2.58639E+00	 -3.23300E-01	  2.43148E+00	 -3.04048E-01	    -5.989170%
  -8	   2	 -2.30116E+01	  6.03272E+00	  2.36484E+01	  2.58639E+00	 -6.46600E-01	  2.42538E+00	 -6.06462E-01	    -6.224505%
  -8	   3	 -2.30116E+01	  9.02159E+00	  2.44027E+01	  2.58639E+00	 -9.69900E-01	  2.41540E+00	 -9.05899E-01	    -6.609857%
  -8	   4	 -2.30116E+01	  1.19618E+01	  2.54037E+01	  2.58639E+00	 -1.29320E+00	  2.40182E+00	 -1.20105E+00	    -7.134370%
  -8	   5	 -2.30116E+01	  1.48395E+01	  2.66073E+01	  2.58639E+00	 -1.61650E+00	  2.38502E+00	 -1.49079E+00	    -7.783287%
  -8	   6	 -2.30116E+01	  1.76427E+01	  2.79684E+01	  2.58639E+00	 -1.93980E+00	  2.36548E+00	 -1.77428E+00	    -8.538339%
  -8	   7	 -2.30116E+01	  2.03613E+01	  2.94451E+01	  2.58639E+00	 -2.26310E+00	  2.34375E+00	 -2.05096E+00	    -9.378136%
  -8	   8	 -2.30116E+01	  2.29875E+01	  3.10005E+01	  2.58639E+00	 -2.58640E+00	  2.32046E+00	 -2.32066E+00	   -10.278370%
  -8	   9	 -2.30116E+01	  2.55154E+01	  3.26037E+01	  2.58639E+00	 -2.90970E+00	  2.29632E+00	 -2.58358E+00	   -11.211421%
  -8	  10	 -2.30116E+01	  2.79413E+01	  3.42291E+01	  2.58639E+00	 -3.23300E+00	  2.27218E+00	 -2.84047E+00	   -12.144236%
  -8	  11	 -2.30116E+01	  3.02629E+01	  3.58563E+01	  2.58639E+00	 -3.55630E+00	  2.24924E+00	 -3.09297E+00	   -13.030969%
  -8	  12	 -2.30116E+01	  3.24798E+01	  3.74695E+01	  2.58639E+00	 -3.87960E+00	  2.22968E+00	 -3.34479E+00	   -13.787195%
  -7	 -12	 -2.03863E+01	 -3.25202E+01	  3.64670E+01	  2.26309E+00	  3.87960E+00	  1.96165E+00	  3.36256E+00	   -13.325352%
  -7	 -11	 -2.03863E+01	 -3.03053E+01	  3.47423E+01	  2.26309E+00	  3.55630E+00	  1.98215E+00	  3.11457E+00	   -12.419165%
  -7	 -10	 -2.03863E+01	 -2.79857E+01	  3.29911E+01	  2.26309E+00	  3.23300E+00	  2.00466E+00	  2.86357E+00	   -11.424508%
  -7	  -9	 -2.03863E+01	 -2.55618E+01	  3.12287E+01	  2.26309E+00	  2.90970E+00	  2.02782E+00	  2.60699E+00	   -10.400656%
  -7	  -8	 -2.03863E+01	 -2.30357E+01	  2.94756E+01	  2.26309E+00	  2.58640E+00	  2.05077E+00	  2.34356E+00	    -9.386064%
  -7	  -7	 -2.03863E+01	 -2.04113E+01	  2.77580E+01	  2.26309E+00	  2.26310E+00	  2.07281E+00	  2.07265E+00	    -8.411788%
  -7	  -6	 -2.03863E+01	 -1.76943E+01	  2.61096E+01	  2.26309E+00	  1.93980E+00	  2.09331E+00	  1.79413E+00	    -7.505350%
  -7	  -5	 -2.03863E+01	 -1.48927E+01	  2.45718E+01	  2.26309E+00	  1.61650E+00	  2.11172E+00	  1.50824E+00	    -6.691666%
  -7	  -4	 -2.03863E+01	 -1.20163E+01	  2.31943E+01	  2.26309E+00	  1.29320E+00	  2.12752E+00	  1.21561E+00	    -5.992967%
  -7	  -3	 -2.03863E+01	 -9.07711E+00	  2.20329E+01	  2.26309E+00	  9.69900E-01	  2.14028E+00	  9.17162E-01	    -5.428367%
  -7	  -2	 -2.03863E+01	 -6.08901E+00	  2.11461E+01	  2.26309E+00	  6.46600E-01	  2.14966E+00	  6.14096E-01	    -5.013358%
  -7	  -1	 -2.03863E+01	 -3.06731E+00	  2.05870E+01	  2.26309E+00	  3.23300E-01	  2.15540E+00	  3.07825E-01	    -4.759352%
  -7	   0	 -2.03863E+01	 -2.84622E-02	  2.03936E+01	  2.26309E+00	 -0.00000E+00	  2.15733E+00	 -8.72565E-05	    -4.673347%
  -7	   1	 -2.03863E+01	  3.01055E+00	  2.05799E+01	  2.26309E+00	 -3.23300E-01	  2.15541E+00	 -3.08005E-01	    -4.757716%
  -7	   2	 -2.03863E+01	  6.03272E+00	  2.11325E+01	  2.26309E+00	 -6.46600E-01	  2.14969E+00	 -6.14290E-01	    -5.010140%
  -7	   3	 -2.03863E+01	  9.02159E+00	  2.20136E+01	  2.26309E+00	 -9.69900E-01	  2.14032E+00	 -9.17380E-01	    -5.423683%
  -7	   4	 -2.03863E+01	  1.19618E+01	  2.31704E+01	  2.26309E+00	 -1.29320E+00	  2.12756E+00	 -1.21586E+00	    -5.986985%
  -7	   5	 -2.03863E+01	  1.48395E+01	  2.45444E+01	  2.26309E+00	 -1.61650E+00	  2.11176E+00	 -1.50853E+00	    -6.684612%
  -7	   6	 -2.03863E+01	  1.76427E+01	  2.60797E+01	  2.26309E+00	 -1.93980E+00	  2.09335E+00	 -1.79444E+00	    -7.497501%
  -7	   7	 -2.03863E+01	  2.03613E+01	  2.77264E+01	  2.26309E+00	 -2.26310E+00	  2.07284E+00	 -2.07300E+00	    -8.403467%
  -7	   8	 -2.03863E+01	  2.29875E+01	  2.94430E+01	  2.26309E+00	 -2.58640E+00	  2.05078E+00	 -2.34393E+00	    -9.377641%
  -7	   9	 -2.03863E+01	  2.55154E+01	  3.11958E+01	  2.26309E+00	 -2.90970E+00	  2.02781E+00	 -2.60738E+00	   -10.392560%
  -7	  10	 -2.03863E+01	  2.79413E+01	  3.29582E+01	  2.26309E+00	 -3.23300E+00	  2.00461E+00	 -2.86395E+00	   -11.417290%
  -7	  11	 -2.03863E+01	  3.02629E+01	  3.47097E+01	  2.26309E+00	 -3.55630E+00	  1.98206E+00	 -3.11490E+00	   -12.413680%
  -7	  12	 -2.03863E+01	  3.24798E+01	  3.64350E+01	  2.26309E+00	 -3.87960E+00	  1.96147E+00	 -3.36277E+00	   -13.323313%
  -6	 -12	 -1.76685E+01	 -3.25202E+01	  3.55155E+01	  1.93980E+00	  3.87960E+00	  1.69085E+00	  3.38145E+00	   -12.838989%
  -6	 -11	 -1.76685E+01	 -3.03053E+01	  3.36813E+01	  1.93980E+00	  3.55630E+00	  1.71059E+00	  3.13586E+00	   -11.820975%
  -6	 -10	 -1.76685E+01	 -2.79857E+01	  3.18070E+01	  1.93980E+00	  3.23300E+00	  1.73162E+00	  2.88582E+00	   -10.736789%
  -6	  -9	 -1.76685E+01	 -2.55618E+01	  2.99065E+01	  1.93980E+00	  2.90970E+00	  1.75301E+00	  2.62933E+00	    -9.633659%
  -6	  -8	 -1.76685E+01	 -2.30357E+01	  2.79995E+01	  1.93980E+00	  2.58640E+00	  1.77409E+00	  2.36529E+00	    -8.546600%
  -6	  -7	 -1.76685E+01	 -2.04113E+01	  2.61121E+01	  1.93980E+00	  2.26310E+00	  1.79427E+00	  2.09317E+00	    -7.506042%
  -6	  -6	 -1.76685E+01	 -1.76943E+01	  2.42792E+01	  1.93980E+00	  1.93980E+00	  1.81300E+00	  1.81288E+00	    -6.539906%
  -6	  -5	 -1.76685E+01	 -1.48927E+01	  2.25461E+01	  1.93980E+00	  1.61650E+00	  1.82979E+00	  1.52472E+00	    -5.673878%
  -6	  -4	 -1.76685E+01	 -1.20163E+01	  2.09701E+01	  1.93980E+00	  1.29320E+00	  1.84419E+00	  1.22937E+00	    -4.931034%
  -6	  -3	 -1.76685E+01	 -9.07711E+00	  1.96203E+01	  1.93980E+00	  9.69900E-01	  1.85581E+00	  9.27825E-01	    -4.331261%
  -6	  -2	 -1.76685E+01	 -6.08901E+00	  1.85740E+01	  1.93980E+00	  6.46600E-01	  1.86435E+00	  6.21377E-01	    -3.890673%
  -6	  -1	 -1.76685E+01	 -3.06731E+00	  1.79061E+01	  1.93980E+00	  3.23300E-01	  1.86956E+00	  3.11527E-01	    -3.621125%
  -6	   0	 -1.76685E+01	 -2.84622E-02	  1.76734E+01	  1.93980E+00	 -0.00000E+00	  1.87132E+00	 -6.50996E-05	    -3.529871%
  -6	   1	 -1.76685E+01	  3.01055E+00	  1.78976E+01	  1.93980E+00	 -3.23300E-01	  1.86958E+00	 -3.11663E-01	    -3.619368%
  -6	   2	 -1.76685E+01	  6.03272E+00	  1.85578E+01	  1.93980E+00	 -6.46600E-01	  1.86437E+00	 -6.21529E-01	    -3.887214%
  -6	   3	 -1.76685E+01	  9.02159E+00	  1.95977E+01	  1.93980E+00	 -9.69900E-01	  1.85584E+00	 -9.28003E-01	    -4.326211%
  -6	   4	 -1.76685E+01	  1.19618E+01	  2.09425E+01	  1.93980E+00	 -1.29320E+00	  1.84423E+00	 -1.22958E+00	    -4.924562%
  -6	   5	 -1.76685E+01	  1.48395E+01	  2.25149E+01	  1.93980E+00	 -1.61650E+00	  1.82983E+00	 -1.52497E+00	    -5.666211%
  -6	   6	 -1.76685E+01	  1.76427E+01	  2.42457E+01	  1.93980E+00	 -1.93980E+00	  1.81304E+00	 -1.81317E+00	    -6.531328%
  -6	   7	 -1.76685E+01	  2.03613E+01	  2.60772E+01	  1.93980E+00	 -2.26310E+00	  1.79430E+00	 -2.09350E+00	    -7.496884%
  -6	   8	 -1.76685E+01	  2.29875E+01	  2.79639E+01	  1.93980E+00	 -2.58640E+00	  1.77411E+00	 -2.36565E+00	    -8.537237%
  -6	   9	 -1.76685E+01	  2.55154E+01	  2.98709E+01	  1.93980E+00	 -2.90970E+00	  1.75302E+00	 -2.62971E+00	    -9.624508%
  -6	  10	 -1.76685E+01	  2.79413E+01	  3.17716E+01	  1.93980E+00	 -3.23300E+00	  1.73160E+00	 -2.88621E+00	   -10.728343%
  -6	  11	 -1.76685E+01	  3.02629E+01	  3.36466E+01	  1.93980E+00	 -3.55630E+00	  1.71054E+00	 -3.13621E+00	   -11.813916%
  -6	  12	 -1.76685E+01	  3.24798E+01	  3.54816E+01	  1.93980E+00	 -3.87960E+00	  1.69074E+00	 -3.38172E+00	   -12.834530%
  -5	 -12	 -1.48661E+01	 -3.25202E+01	  3.46646E+01	  1.61650E+00	  3.87960E+00	  1.41654E+00	  3.39944E+00	   -12.375496%
  -5	 -11	 -1.48661E+01	 -3.03053E+01	  3.27269E+01	  1.61650E+00	  3.55630E+00	  1.43439E+00	  3.15543E+00	   -11.271024%
  -5	 -10	 -1.48661E+01	 -2.79857E+01	  3.07345E+01	  1.61650E+00	  3.23300E+00	  1.45311E+00	  2.90602E+00	   -10.112618%
  -5	  -9	 -1.48661E+01	 -2.55618E+01	  2.86992E+01	  1.61650E+00	  2.90970E+00	  1.47203E+00	  2.64948E+00	    -8.941642%
  -5	  -8	 -1.48661E+01	 -2.30357E+01	  2.66387E+01	  1.61650E+00	  2.58640E+00	  1.49061E+00	  2.38483E+00	    -7.791658%
  -5	  -7	 -1.48661E+01	 -2.04113E+01	  2.45773E+01	  1.61650E+00	  2.26310E+00	  1.50836E+00	  2.11158E+00	    -6.693158%
  -5	  -6	 -1.48661E+01	 -1.76943E+01	  2.25492E+01	  1.61650E+00	  1.93980E+00	  1.52482E+00	  1.82968E+00	    -5.674690%
  -5	  -5	 -1.48661E+01	 -1.48927E+01	  2.06011E+01	  1.61650E+00	  1.61650E+00	  1.53955E+00	  1.53946E+00	    -4.762749%
  -5	  -4	 -1.48661E+01	 -1.20163E+01	  1.87965E+01	  1.61650E+00	  1.29320E+00	  1.55218E+00	  1.24167E+00	    -3.981212%
  -5	  -3	 -1.48661E+01	 -9.07711E+00	  1.72184E+01	  1.61650E+00	  9.69900E-01	  1.56236E+00	  9.37355E-01	    -3.350659%
  -5	  -2	 -1.48661E+01	 -6.08901E+00	  1.59684E+01	  1.61650E+00	  6.46600E-01	  1.56984E+00	  6.27881E-01	    -2.887725%
  -5	  -1	 -1.48661E+01	 -3.06731E+00	  1.51555E+01	  1.61650E+00	  3.23300E-01	  1.57440E+00	  3.14833E-01	    -2.604619%
  -5	   0	 -1.48661E+01	 -2.84622E-02	  1.48692E+01	  1.61650E+00	 -0.00000E+00	  1.57594E+00	 -4.56768E-05	    -2.508793%
  -5	   1	 -1.48661E+01	  3.01055E+00	  1.51451E+01	  1.61650E+00	 -3.23300E-01	  1.57441E+00	 -3.14930E-01	    -2.602765%
  -5	   2	 -1.48661E+01	  6.03272E+00	  1.59489E+01	  1.61650E+00	 -6.46600E-01	  1.56986E+00	 -6.27996E-01	    -2.884068%
  -5	   3	 -1.48661E+01	  9.02159E+00	  1.71916E+01	  1.61650E+00	 -9.69900E-01	  1.56239E+00	 -9.37498E-01	    -3.345307%
  -5	   4	 -1.48661E+01	  1.19618E+01	  1.87646E+01	  1.61650E+00	 -1.29320E+00	  1.55222E+00	 -1.24185E+00	    -3.974331%
  -5	   5	 -1.48661E+01	  1.48395E+01	  2.05658E+01	  1.61650E+00	 -1.61650E+00	  1.53960E+00	 -1.53969E+00	    -4.754565%
  -5	   6	 -1.48661E+01	  1.76427E+01	  2.25118E+01	  1.61650E+00	 -1.93980E+00	  1.52486E+00	 -1.82994E+00	    -5.665490%
  -5	   7	 -1.48661E+01	  2.03613E+01	  2.45389E+01	  1.61650E+00	 -2.26310E+00	  1.50840E+00	 -2.11189E+00	    -6.683282%
  -5	   8	 -1.48661E+01	  2.29875E+01	  2.66000E+01	  1.61650E+00	 -2.58640E+00	  1.49064E+00	 -2.38518E+00	    -7.781488%
  -5	   9	 -1.48661E+01	  2.55154E+01	  2.86609E+01	  1.61650E+00	 -2.90970E+00	  1.47205E+00	 -2.64986E+00	    -8.931598%
  -5	  10	 -1.48661E+01	  2.79413E+01	  3.06967E+01	  1.61650E+00	 -3.23300E+00	  1.45310E+00	 -2.90640E+00	   -10.103170%
  -5	  11	 -1.48661E+01	  3.02629E+01	  3.26901E+01	  1.61650E+00	 -3.55630E+00	  1.43435E+00	 -3.15580E+00	   -11.262765%
  -5	  12	 -1.48661E+01	  3.24798E+01	  3.46289E+01	  1.61650E+00	 -3.87960E+00	  1.41646E+00	 -3.39975E+00	   -12.369371%
  -4	 -12	 -1.19890E+01	 -3.25202E+01	  3.39339E+01	  1.29320E+00	  3.87960E+00	  1.13855E+00	  3.41541E+00	   -11.964423%
  -4	 -11	 -1.19890E+01	 -3.03053E+01	  3.19029E+01	  1.29320E+00	  3.55630E+00	  1.15370E+00	  3.17248E+00	   -10.792064%
  -4	 -10	 -1.19890E+01	 -2.79857E+01	  2.98023E+01	  1.29320E+00	  3.23300E+00	  1.16947E+00	  2.92348E+00	    -9.572943%
  -4	  -9	 -1.19890E+01	 -2.55618E+01	  2.76416E+01	  1.29320E+00	  2.90970E+00	  1.18534E+00	  2.66685E+00	    -8.345460%
  -4	  -8	 -1.19890E+01	 -2.30357E+01	  2.54349E+01	  1.29320E+00	  2.58640E+00	  1.20089E+00	  2.40164E+00	    -7.142647%
  -4	  -7	 -1.19890E+01	 -2.04113E+01	  2.32032E+01	  1.29320E+00	  2.26310E+00	  1.21572E+00	  2.12739E+00	    -5.995338%
  -4	  -6	 -1.19890E+01	 -1.76943E+01	  2.09770E+01	  1.29320E+00	  1.93980E+00	  1.22945E+00	  1.84409E+00	    -4.932750%
  -4	  -5	 -1.19890E+01	 -1.48927E+01	  1.88005E+01	  1.29320E+00	  1.61650E+00	  1.24174E+00	  1.55210E+00	    -3.982129%
  -4	  -4	 -1.19890E+01	 -1.20163E+01	  1.67386E+01	  1.29320E+00	  1.29320E+00	  1.25226E+00	  1.25220E+00	    -3.168058%
  -4	  -3	 -1.19890E+01	 -9.07711E+00	  1.48851E+01	  1.29320E+00	  9.69900E-01	  1.26074E+00	  9.45509E-01	    -2.511682%
  -4	  -2	 -1.19890E+01	 -6.08901E+00	  1.33704E+01	  1.29320E+00	  6.46600E-01	  1.26696E+00	  6.33443E-01	    -2.030046%
  -4	  -1	 -1.19890E+01	 -3.06731E+00	  1.23554E+01	  1.29320E+00	  3.23300E-01	  1.27076E+00	  3.17659E-01	    -1.735614%
  -4	   0	 -1.19890E+01	 -2.84622E-02	  1.19908E+01	  1.29320E+00	 -0.00000E+00	  1.27204E+00	 -2.94147E-05	    -1.635973%
  -4	   1	 -1.19890E+01	  3.01055E+00	  1.23422E+01	  1.29320E+00	 -3.23300E-01	  1.27077E+00	 -3.17724E-01	    -1.733685%
  -4	   2	 -1.19890E+01	  6.03272E+00	  1.33463E+01	  1.29320E+00	 -6.46600E-01	  1.26698E+00	 -6.33527E-01	    -2.026236%
  -4	   3	 -1.19890E+01	  9.02159E+00	  1.48532E+01	  1.29320E+00	 -9.69900E-01	  1.26077E+00	 -9.45621E-01	    -2.506092%
  -4	   4	 -1.19890E+01	  1.19618E+01	  1.67017E+01	  1.29320E+00	 -1.29320E+00	  1.25229E+00	 -1.25235E+00	    -3.160850%
  -4	   5	 -1.19890E+01	  1.48395E+01	  1.87606E+01	  1.29320E+00	 -1.61650E+00	  1.24178E+00	 -1.55230E+00	    -3.973528%
  -4	   6	 -1.19890E+01	  1.76427E+01	  2.09356E+01	  1.29320E+00	 -1.93980E+00	  1.22949E+00	 -1.84433E+00	    -4.923042%
  -4	   7	 -1.19890E+01	  2.03613E+01	  2.31614E+01	  1.29320E+00	 -2.26310E+00	  1.21575E+00	 -2.12768E+00	    -5.984869%
  -4	   8	 -1.19890E+01	  2.29875E+01	  2.53933E+01	  1.29320E+00	 -2.58640E+00	  1.20092E+00	 -2.40197E+00	    -7.131809%
  -4	   9	 -1.19890E+01	  2.55154E+01	  2.76007E+01	  1.29320E+00	 -2.90970E+00	  1.18536E+00	 -2.66721E+00	    -8.334680%
  -4	  10	 -1.19890E+01	  2.79413E+01	  2.97624E+01	  1.29320E+00	 -3.23300E+00	  1.16947E+00	 -2.92386E+00	    -9.562685%
  -4	  11	 -1.19890E+01	  3.02629E+01	  3.18642E+01	  1.29320E+00	 -3.55630E+00	  1.15369E+00	 -3.17285E+00	   -10.782875%
  -4	  12	 -1.19890E+01	  3.24798E+01	  3.38966E+01	  1.29320E+00	 -3.87960E+00	  1.13850E+00	 -3.41574E+00	   -11.957099%
  -3	 -12	 -9.04935E+00	 -3.25202E+01	  3.33422E+01	  9.69898E-01	  3.87960E+00	  8.57194E-01	  3.42855E+00	   -11.625921%
  -3	 -11	 -9.04935E+00	 -3.03053E+01	  3.12324E+01	  9.69898E-01	  3.55630E+00	  8.69066E-01	  3.18637E+00	   -10.401627%
  -3	 -10	 -9.04935E+00	 -2.79857E+01	  2.90394E+01	  9.69898E-01	  3.23300E+00	  8.81349E-01	  2.93765E+00	    -9.134922%
  -3	  -9	 -9.04935E+00	 -2.55618E+01	  2.67696E+01	  9.69898E-01	  2.90970E+00	  8.93685E-01	  2.68090E+00	    -7.862691%
  -3	  -8	 -9.04935E+00	 -2.30357E+01	  2.44331E+01	  9.69898E-01	  2.58640E+00	  9.05755E-01	  2.41522E+00	    -6.617856%
  -3	  -7	 -9.04935E+00	 -2.04113E+01	  2.20458E+01	  9.69898E-01	  2.26310E+00	  9.17255E-01	  2.14016E+00	    -5.431665%
  -3	  -6	 -9.04935E+00	 -1.76943E+01	  1.96316E+01	  9.69898E-01	  1.93980E+00	  9.27897E-01	  1.85571E+00	    -4.333940%
  -3	  -5	 -9.04935E+00	 -1.48927E+01	  1.72273E+01	  9.69898E-01	  1.61650E+00	  9.37410E-01	  1.56229E+00	    -3.352565%
  -3	  -4	 -9.04935E+00	 -1.20163E+01	  1.48905E+01	  9.69898E-01	  1.29320E+00	  9.45551E-01	  1.26069E+00	    -2.512686%
  -3	  -3	 -9.04935E+00	 -9.07711E+00	  1.27146E+01	  9.69898E-01	  9.69900E-01	  9.52109E-01	  9.52076E-01	    -1.835887%
  -3	  -2	 -9.04935E+00	 -6.08901E+00	  1.08529E+01	  9.69898E-01	  6.46600E-01	  9.56918E-01	  6.37921E-01	    -1.339499%
  -3	  -1	 -9.04935E+00	 -3.06731E+00	  9.53992E+00	  9.69898E-01	  3.23300E-01	  9.59854E-01	  3.19933E-01	    -1.036145%
  -3	   0	 -9.04935E+00	 -2.84622E-02	  9.05031E+00	  9.69898E-01	 -0.00000E+00	  9.60844E-01	 -1.65983E-05	    -0.933501%
  -3	   1	 -9.04935E+00	  3.01055E+00	  9.52241E+00	  9.69898E-01	 -3.23300E-01	  9.59862E-01	 -3.19973E-01	    -1.034161%
  -3	   2	 -9.04935E+00	  6.03272E+00	  1.08224E+01	  9.69898E-01	 -6.46600E-01	  9.56934E-01	 -6.37980E-01	    -1.335576%
  -3	   3	 -9.04935E+00	  9.02159E+00	  1.26763E+01	  9.69898E-01	 -9.69900E-01	  9.52132E-01	 -9.52165E-01	    -1.830123%
  -3	   4	 -9.04935E+00	  1.19618E+01	  1.48479E+01	  9.69898E-01	 -1.29320E+00	  9.45579E-01	 -1.26082E+00	    -2.505234%
  -3	   5	 -9.04935E+00	  1.48395E+01	  1.71827E+01	  9.69898E-01	 -1.61650E+00	  9.37443E-01	 -1.56247E+00	    -3.343645%
  -3	   6	 -9.04935E+00	  1.76427E+01	  1.95864E+01	  9.69898E-01	 -1.93980E+00	  9.27931E-01	 -1.85594E+00	    -4.323840%
  -3	   7	 -9.04935E+00	  2.03613E+01	  2.20008E+01	  9.69898E-01	 -2.26310E+00	  9.17287E-01	 -2.14044E+00	    -5.420734%
  -3	   8	 -9.04935E+00	  2.29875E+01	  2.43888E+01	  9.69898E-01	 -2.58640E+00	  9.05782E-01	 -2.41555E+00	    -6.606494%
  -3	   9	 -9.04935E+00	  2.55154E+01	  2.67264E+01	  9.69898E-01	 -2.90970E+00	  8.93705E-01	 -2.68127E+00	    -7.851332%
  -3	  10	 -9.04935E+00	  2.79413E+01	  2.89976E+01	  9.69898E-01	 -3.23300E+00	  8.81358E-01	 -2.93804E+00	    -9.124033%
  -3	  11	 -9.04935E+00	  3.02629E+01	  3.11921E+01	  9.69898E-01	 -3.55630E+00	  8.69060E-01	 -3.18675E+00	   -10.391733%
  -3	  12	 -9.04935E+00	  3.24798E+01	  3.33036E+01	  9.69898E-01	 -3.87960E+00	  8.57166E-01	 -3.42889E+00	   -11.617733%
  -2	 -12	 -6.06086E+00	 -3.25202E+01	  3.29063E+01	  6.46599E-01	  3.87960E+00	  5.73090E-01	  3.43832E+00	   -11.374332%
  -2	 -11	 -6.06086E+00	 -3.03053E+01	  3.07363E+01	  6.46599E-01	  3.55630E+00	  5.81243E-01	  3.19664E+00	   -10.113129%
  -2	 -10	 -6.06086E+00	 -2.79857E+01	  2.84721E+01	  6.46599E-01	  3.23300E+00	  5.89654E-01	  2.94810E+00	    -8.812124%
  -2	  -9	 -6.06086E+00	 -2.55618E+01	  2.61171E+01	  6.46599E-01	  2.90970E+00	  5.98087E-01	  2.69125E+00	    -7.507443%
  -2	  -8	 -6.06086E+00	 -2.30357E+01	  2.36774E+01	  6.46599E-01	  2.58640E+00	  6.06331E-01	  2.42521E+00	    -6.232063%
  -2	  -7	 -6.06086E+00	 -2.04113E+01	  2.11632E+01	  6.46599E-01	  2.26310E+00	  6.14181E-01	  2.14954E+00	    -5.017596%
  -2	  -6	 -6.06086E+00	 -1.76943E+01	  1.85901E+01	  6.46599E-01	  1.93980E+00	  6.21441E-01	  1.86425E+00	    -3.894338%
  -2	  -5	 -6.06086E+00	 -1.48927E+01	  1.59831E+01	  6.46599E-01	  1.61650E+00	  6.27927E-01	  1.56977E+00	    -2.890656%
  -2	  -4	 -6.06086E+00	 -1.20163E+01	  1.33824E+01	  6.46599E-01	  1.29320E+00	  6.33475E-01	  1.26691E+00	    -2.032109%
  -2	  -3	 -6.06086E+00	 -9.07711E+00	  1.08605E+01	  6.46599E-01	  9.69900E-01	  6.37943E-01	  9.56890E-01	    -1.340581%
  -2	  -2	 -6.06086E+00	 -6.08901E+00	  8.56018E+00	  6.46599E-01	  6.46600E-01	  6.41217E-01	  6.41202E-01	    -0.833582%
  -2	  -1	 -6.06086E+00	 -3.06731E+00	  6.78306E+00	  6.46599E-01	  3.23300E-01	  6.43216E-01	  3.21599E-01	    -0.523811%
  -2	   0	 -6.06086E+00	 -2.84622E-02	  6.06134E+00	  6.46599E-01	 -0.00000E+00	  6.43889E-01	 -7.38637E-06	    -0.418996%
  -2	   1	 -6.06086E+00	  3.01055E+00	  6.75795E+00	  6.46599E-01	 -3.23300E-01	  6.43221E-01	 -3.21620E-01	    -0.521791%
  -2	   2	 -6.06086E+00	  6.03272E+00	  8.52081E+00	  6.46599E-01	 -6.46600E-01	  6.41228E-01	 -6.41243E-01	    -0.829585%
  -2	   3	 -6.06086E+00	  9.02159E+00	  1.08148E+01	  6.46599E-01	 -9.69900E-01	  6.37959E-01	 -9.56962E-01	    -1.334698%
  -2	   4	 -6.06086E+00	  1.19618E+01	  1.33342E+01	  6.46599E-01	 -1.29320E+00	  6.33495E-01	 -1.26703E+00	    -2.024489%
  -2	   5	 -6.06086E+00	  1.48395E+01	  1.59342E+01	  6.46599E-01	 -1.61650E+00	  6.27950E-01	 -1.56993E+00	    -2.881515%
  -2	   6	 -6.06086E+00	  1.76427E+01	  1.85416E+01	  6.46599E-01	 -1.93980E+00	  6.21465E-01	 -1.86447E+00	    -3.883961%
  -2	   7	 -6.06086E+00	  2.03613E+01	  2.11155E+01	  6.46599E-01	 -2.26310E+00	  6.14204E-01	 -2.14981E+00	    -5.006335%
  -2	   8	 -6.06086E+00	  2.29875E+01	  2.36310E+01	  6.46599E-01	 -2.58640E+00	  6.06352E-01	 -2.42553E+00	    -6.220325%
  -2	   9	 -6.06086E+00	  2.55154E+01	  2.60722E+01	  6.46599E-01	 -2.90970E+00	  5.98103E-01	 -2.69161E+00	    -7.495669%
  -2	  10	 -6.06086E+00	  2.79413E+01	  2.84289E+01	  6.46599E-01	 -3.23300E+00	  5.89662E-01	 -2.94848E+00	    -8.800783%
  -2	  11	 -6.06086E+00	  3.02629E+01	  3.06948E+01	  6.46599E-01	 -3.55630E+00	  5.81241E-01	 -3.19702E+00	   -10.102737%
  -2	  12	 -6.06086E+00	  3.24798E+01	  3.28665E+01	  6.46599E-01	 -3.87960E+00	  5.73075E-01	 -3.43867E+00	   -11.365554%
  -1	 -12	 -3.03893E+00	 -3.25202E+01	  3.26391E+01	  3.23299E-01	  3.87960E+00	  2.87046E-01	  3.44433E+00	   -11.219504%
  -1	 -11	 -3.03893E+00	 -3.03053E+01	  3.04314E+01	  3.23299E-01	  3.55630E+00	  2.91194E-01	  3.20294E+00	    -9.936168%
  -1	 -10	 -3.03893E+00	 -2.79857E+01	  2.81222E+01	  3.23299E-01	  3.23300E+00	  2.95466E-01	  2.95450E+00	    -8.614430%
  -1	  -9	 -3.03893E+00	 -2.55618E+01	  2.57128E+01	  3.23299E-01	  2.90970E+00	  2.99747E-01	  2.69758E+00	    -7.290070%
  -1	  -8	 -3.03893E+00	 -2.30357E+01	  2.32062E+01	  3.23299E-01	  2.58640E+00	  3.03929E-01	  2.43132E+00	    -5.996144%
  -1	  -7	 -3.03893E+00	 -2.04113E+01	  2.06082E+01	  3.23299E-01	  2.26310E+00	  3.07909E-01	  2.15527E+00	    -4.764508%
  -1	  -6	 -3.03893E+00	 -1.76943E+01	  1.79273E+01	  3.23299E-01	  1.93980E+00	  3.11589E-01	  1.86947E+00	    -3.625762%
  -1	  -5	 -3.03893E+00	 -1.48927E+01	  1.51763E+01	  3.23299E-01	  1.61650E+00	  3.14876E-01	  1.57433E+00	    -2.608569%
  -1	  -4	 -3.03893E+00	 -1.20163E+01	  1.23751E+01	  3.23299E-01	  1.29320E+00	  3.17686E-01	  1.27071E+00	    -1.738741%
  -1	  -3	 -3.03893E+00	 -9.07711E+00	  9.55740E+00	  3.23299E-01	  9.69900E-01	  3.19949E-01	  9.59828E-01	    -1.038341%
  -1	  -2	 -3.03893E+00	 -6.08901E+00	  6.79558E+00	  3.23299E-01	  6.46600E-01	  3.21606E-01	  6.43204E-01	    -0.524980%
  -1	  -1	 -3.03893E+00	 -3.06731E+00	  4.31397E+00	  3.23299E-01	  3.23300E-01	  3.22618E-01	  3.22615E-01	    -0.211369%
  -1	   0	 -3.03893E+00	 -2.84622E-02	  3.03921E+00	  3.23299E-01	 -0.00000E+00	  3.22959E-01	 -1.84718E-06	    -0.105187%
  -1	   1	 -3.03893E+00	  3.01055E+00	  4.27394E+00	  3.23299E-01	 -3.23300E-01	  3.22621E-01	 -3.22625E-01	    -0.209328%
  -1	   2	 -3.03893E+00	  6.03272E+00	  6.74536E+00	  3.23299E-01	 -6.46600E-01	  3.21612E-01	 -6.43233E-01	    -0.520941%
  -1	   3	 -3.03893E+00	  9.02159E+00	  9.50486E+00	  3.23299E-01	 -9.69900E-01	  3.19957E-01	 -9.59889E-01	    -1.032389%
  -1	   4	 -3.03893E+00	  1.19618E+01	  1.23224E+01	  3.23299E-01	 -1.29320E+00	  3.17696E-01	 -1.27082E+00	    -1.731023%
  -1	   5	 -3.03893E+00	  1.48395E+01	  1.51243E+01	  3.23299E-01	 -1.61650E+00	  3.14887E-01	 -1.57448E+00	    -2.599297%
  -1	   6	 -3.03893E+00	  1.76427E+01	  1.78764E+01	  3.23299E-01	 -1.93980E+00	  3.11601E-01	 -1.86967E+00	    -3.615221%
  -1	   7	 -3.03893E+00	  2.03613E+01	  2.05587E+01	  3.23299E-01	 -2.26310E+00	  3.07921E-01	 -2.15554E+00	    -4.753051%
  -1	   8	 -3.03893E+00	  2.29875E+01	  2.31584E+01	  3.23299E-01	 -2.58640E+00	  3.03939E-01	 -2.43163E+00	    -5.984180%
  -1	   9	 -3.03893E+00	  2.55154E+01	  2.56667E+01	  3.23299E-01	 -2.90970E+00	  2.99755E-01	 -2.69793E+00	    -7.278045%
  -1	  10	 -3.03893E+00	  2.79413E+01	  2.80781E+01	  3.23299E-01	 -3.23300E+00	  2.95471E-01	 -2.95487E+00	    -8.602816%
  -1	  11	 -3.03893E+00	  3.02629E+01	  3.03892E+01	  3.23299E-01	 -3.55630E+00	  2.91194E-01	 -3.20332E+00	    -9.925478%
  -1	  12	 -3.03893E+00	  3.24798E+01	  3.25987E+01	  3.23299E-01	 -3.87960E+00	  2.87039E-01	 -3.44469E+00	   -11.210380%
   0	 -12	  0.00000E+00	 -3.25202E+01	  3.25490E+01	 -0.00000E+00	  3.87960E+00	  0.00000E+00	  3.44636E+00	   -11.167252%
   0	 -11	  0.00000E+00	 -3.03053E+01	  3.03286E+01	 -0.00000E+00	  3.55630E+00	  0.00000E+00	  3.20506E+00	    -9.876535%
   0	 -10	  0.00000E+00	 -2.79857E+01	  2.80039E+01	 -0.00000E+00	  3.23300E+00	  0.00000E+00	  2.95665E+00	    -8.547858%
   0	  -9	  0.00000E+00	 -2.55618E+01	  2.55757E+01	 -0.00000E+00	  2.90970E+00	  0.00000E+00	  2.69971E+00	    -7.216902%
   0	  -8	  0.00000E+00	 -2.30357E+01	  2.30460E+01	 -0.00000E+00	  2.58640E+00	  0.00000E+00	  2.43337E+00	    -5.916757%
   0	  -7	  0.00000E+00	 -2.04113E+01	  2.04186E+01	 -0.00000E+00	  2.26310E+00	  0.00000E+00	  2.15720E+00	    -4.679364%
   0	  -6	  0.00000E+00	 -1.76943E+01	  1.76992E+01	 -0.00000E+00	  1.93980E+00	  0.00000E+00	  1.87122E+00	    -3.535428%
   0	  -5	  0.00000E+00	 -1.48927E+01	  1.48958E+01	 -0.00000E+00	  1.61650E+00	  0.00000E+00	  1.57587E+00	    -2.513712%
   0	  -4	  0.00000E+00	 -1.20163E+01	  1.20181E+01	 -0.00000E+00	  1.29320E+00	  0.00000E+00	  1.27199E+00	    -1.640112%
   0	  -3	  0.00000E+00	 -9.07711E+00	  9.07803E+00	 -0.00000E+00	  9.69900E-01	  0.00000E+00	  9.60815E-01	    -0.936753%
   0	  -2	  0.00000E+00	 -6.08901E+00	  6.08942E+00	 -0.00000E+00	  6.46600E-01	  0.00000E+00	  6.43876E-01	    -0.421289%
   0	  -1	  0.00000E+00	 -3.06731E+00	  3.06746E+00	 -0.00000E+00	  3.23300E-01	  0.00000E+00	  3.22956E-01	    -0.106477%
   0	   0	  0.00000E+00	 -2.84622E-02	  2.84633E-02	  0.00000E+00	  0.00000E+00	  0.00000E+00	  7.31836E-18	     0.000000%
   0	   1	  0.00000E+00	  3.01055E+00	  3.01069E+00	  0.00000E+00	 -3.23300E-01	  0.00000E+00	 -3.22963E-01	    -0.104430%
   0	   2	  0.00000E+00	  6.03272E+00	  6.03312E+00	  0.00000E+00	 -6.46600E-01	  0.00000E+00	 -6.43902E-01	    -0.417236%
   0	   3	  0.00000E+00	  9.02159E+00	  9.02250E+00	  0.00000E+00	 -9.69900E-01	  0.00000E+00	 -9.60873E-01	    -0.930780%
   0	   4	  0.00000E+00	  1.19618E+01	  1.19636E+01	  0.00000E+00	 -1.29320E+00	  0.00000E+00	 -1.27209E+00	    -1.632362%
   0	   5	  0.00000E+00	  1.48395E+01	  1.48426E+01	  0.00000E+00	 -1.61650E+00	  0.00000E+00	 -1.57602E+00	    -2.504397%
   0	   6	  0.00000E+00	  1.76427E+01	  1.76475E+01	  0.00000E+00	 -1.93980E+00	  0.00000E+00	 -1.87143E+00	    -3.524832%
   0	   7	  0.00000E+00	  2.03613E+01	  2.03685E+01	  0.00000E+00	 -2.26310E+00	  0.00000E+00	 -2.15746E+00	    -4.667842%
   0	   8	  0.00000E+00	  2.29875E+01	  2.29977E+01	  0.00000E+00	 -2.58640E+00	  0.00000E+00	 -2.43368E+00	    -5.904718%
   0	   9	  0.00000E+00	  2.55154E+01	  2.55293E+01	  0.00000E+00	 -2.90970E+00	  0.00000E+00	 -2.70006E+00	    -7.204793%
   0	  10	  0.00000E+00	  2.79413E+01	  2.79595E+01	  0.00000E+00	 -3.23300E+00	  0.00000E+00	 -2.95703E+00	    -8.536153%
   0	  11	  0.00000E+00	  3.02629E+01	  3.02860E+01	  0.00000E+00	 -3.55630E+00	  0.00000E+00	 -3.20545E+00	    -9.865745%
   0	  12	  0.00000E+00	  3.24798E+01	  3.25084E+01	  0.00000E+00	 -3.87960E+00	  0.00000E+00	 -3.44672E+00	   -11.158013%
   1	 -12	  3.03893E+00	 -3.25202E+01	  3.26391E+01	 -3.23299E-01	  3.87960E+00	 -2.87046E-01	  3.44433E+00	   -11.219504%
   1	 -11	  3.03893E+00	 -3.03053E+01	  3.04314E+01	 -3.23299E-01	  3.55630E+00	 -2.91194E-01	  3.20294E+00	    -9.936168%
   1	 -10	  3.03893E+00	 -2.79857E+01	  2.81222E+01	 -3.23299E-01	  3.23300E+00	 -2.95466E-01	  2.95450E+00	    -8.614430%
   1	  -9	  3.03893E+00	 -2.55618E+01	  2.57128E+01	 -3.23299E-01	  2.90970E+00	 -2.99747E-01	  2.69758E+00	    -7.290070%
   1	  -8	  3.03893E+00	 -2.30357E+01	  2.32062E+01	 -3.23299E-01	  2.58640E+00	 -3.03929E-01	  2.43132E+00	    -5.996144%
   1	  -7	  3.03893E+00	 -2.04113E+01	  2.06082E+01	 -3.23299E-01	  2.26310E+00	 -3.07909E-01	  2.15527E+00	    -4.764508%
   1	  -6	  3.03893E+00	 -1.76943E+01	  1.79273E+01	 -3.23299E-01	  1.93980E+00	 -3.11589E-01	  1.86947E+00	    -3.625762%
   1	  -5	  3.03893E+00	 -1.48927E+01	  1.51763E+01	 -3.23299E-01	  1.61650E+00	 -3.14876E-01	  1.57433E+00	    -2.608569%
   1	  -4	  3.03893E+00	 -1.20163E+01	  1.23751E+01	 -3.23299E-01	  1.29320E+00	 -3.17686E-01	  1.27071E+00	    -1.738741%
   1	  -3	  3.03893E+00	 -9.07711E+00	  9.55740E+00	 -3.23299E-01	  9.69900E-01	 -3.19949E-01	  9.59828E-01	    -1.038341%
   1	  -2	  3.03893E+00	 -6.08901E+00	  6.79558E+00	 -3.23299E-01	  6.46600E-01	 -3.21606E-01	  6.43204E-01	    -0.524980%
   1	  -1	  3.03893E+00	 -3.06731E+00	  4.31397E+00	 -3.23299E-01	  3.23300E-01	 -3.22618E-01	  3.22615E-01	    -0.211369%
   1	   0	  3.03893E+00	 -2.84622E-02	  3.03921E+00	 -3.23299E-01	  0.00000E+00	 -3.22959E-01	 -1.84718E-06	    -0.105187%
   1	   1	  3.03893E+00	  3.01055E+00	  4.27394E+00	 -3.23299E-01	 -3.23300E-01	 -3.22621E-01	 -3.22625E-01	    -0.209328%
   1	   2	  3.03893E+00	  6.03272E+00	  6.74536E+00	 -3.23299E-01	 -6.46600E-01	 -3.21612E-01	 -6.43233E-01	    -0.520941%
   1	   3	  3.03893E+00	  9.02159E+00	  9.50486E+00	 -3.23299E-01	 -9.69900E-01	 -3.19957E-01	 -9.59889E-01	    -1.032389%
   1	   4	  3.03893E+00	  1.19618E+01	  1.23224E+01	 -3.23299E-01	 -1.29320E+00	 -3.17696E-01	 -1.27082E+00	    -1.731023%
   1	   5	  3.03893E+00	  1.48395E+01	  1.51243E+01	 -3.23299E-01	 -1.61650E+00	 -3.14887E-01	 -1.57448E+00	    -2.599297%
   1	   6	  3.03893E+00	  1.76427E+01	  1.78764E+01	 -3.23299E-01	 -1.93980E+00	 -3.11601E-01	 -1.86967E+00	    -3.615221%
   1	   7	  3.03893E+00	  2.03613E+01	  2.05587E+01	 -3.23299E-01	 -2.26310E+00	 -3.07921E-01	 -2.15554E+00	    -4.753051%
   1	   8	  3.03893E+00	  2.29875E+01	  2.31584E+01	 -3.23299E-01	 -2.58640E+00	 -3.03939E-01	 -2.43163E+00	    -5.984180%
   1	   9	  3.03893E+00	  2.55154E+01	  2.56667E+01	 -3.23299E-01	 -2.90970E+00	 -2.99755E-01	 -2.69793E+00	    -7.278045%
   1	  10	  3.03893E+00	  2.79413E+01	  2.80781E+01	 -3.23299E-01	 -3.23300E+00	 -2.95471E-01	 -2.95487E+00	    -8.602816%
   1	  11	  3.03893E+00	  3.02629E+01	  3.03892E+01	 -3.23299E-01	 -3.55630E+00	 -2.91194E-01	 -3.20332E+00	    -9.925478%
   1	  12	  3.03893E+00	  3.24798E+01	  3.25987E+01	 -3.23299E-01	 -3.87960E+00	 -2.87039E-01	 -3.44469E+00	   -11.210380%
   2	 -12	  6.06086E+00	 -3.25202E+01	  3.29063E+01	 -6.46599E-01	  3.87960E+00	 -5.73090E-01	  3.43832E+00	   -11.374332%
   2	 -11	  6.06086E+00	 -3.03053E+01	  3.07363E+01	 -6.46599E-01	  3.55630E+00	 -5.81243E-01	  3.19664E+00	   -10.113129%
   2	 -10	  6.06086E+00	 -2.79857E+01	  2.84721E+01	 -6.46599E-01	  3.23300E+00	 -5.89654E-01	  2.94810E+00	    -8.812124%
   2	  -9	  6.06086E+00	 -2.55618E+01	  2.61171E+01	 -6.46599E-01	  2.90970E+00	 -5.98087E-01	  2.69125E+00	    -7.507443%
   2	  -8	  6.06086E+00	 -2.30357E+01	  2.36774E+01	 -6.46599E-01	  2.58640E+00	 -6.06331E-01	  2.42521E+00	    -6.232063%
   2	  -7	  6.06086E+00	 -2.04113E+01	  2.11632E+01	 -6.46599E-01	  2.26310E+00	 -6.14181E-01	  2.14954E+00	    -5.017596%
   2	  -6	  6.06086E+00	 -1.76943E+01	  1.85901E+01	 -6.46599E-01	  1.93980E+00	 -6.21441E-01	  1.86425E+00	    -3.894338%
   2	  -5	  6.06086E+00	 -1.48927E+01	  1.59831E+01	 -6.46599E-01	  1.61650E+00	 -6.27927E-01	  1.56977E+00	    -2.890656%
   2	  -4	  6.06086E+00	 -1.20163E+01	  1.33824E+01	 -6.46599E-01	  1.29320E+00	 -6.33475E-01	  1.26691E+00	    -2.032109%
   2	  -3	  6.06086E+00	 -9.07711E+00	  1.08605E+01	 -6.46599E-01	  9.69900E-01	 -6.37943E-01	  9.56890E-01	    -1.340581%
   2	  -2	  6.06086E+00	 -6.08901E+00	  8.56018E+00	 -6.46599E-01	  6.46600E-01	 -6.41217E-01	  6.41202E-01	    -0.833582%
   2	  -1	  6.06086E+00	 -3.06731E+00	  6.78306E+00	 -6.46599E-01	  3.23300E-01	 -6.43216E-01	  3.21599E-01	    -0.523811%
   2	   0	  6.06086E+00	 -2.84622E-02	  6.06134E+00	 -6.46599E-01	  0.00000E+00	 -6.43889E-01	 -7.38637E-06	    -0.418996%
   2	   1	  6.06086E+00	  3.01055E+00	  6.75795E+00	 -6.46599E-01	 -3.23300E-01	 -6.43221E-01	 -3.21620E-01	    -0.521791%
   2	   2	  6.06086E+00	  6.03272E+00	  8.52081E+00	 -6.46599E-01	 -6.46600E-01	 -6.41228E-01	 -6.41243E-01	    -0.829585%
   2	   3	  6.06086E+00	  9.02159E+00	  1.08148E+01	 -6.46599E-01	 -9.69900E-01	 -6.37959E-01	 -9.56962E-01	    -1.334698%
   2	   4	  6.06086E+00	  1.19618E+01	  1.33342E+01	 -6.46599E-01	 -1.29320E+00	 -6.33495E-01	 -1.26703E+00	    -2.024489%
   2	   5	  6.06086E+00	  1.48395E+01	  1.59342E+01	 -6.46599E-01	 -1.61650E+00	 -6.27950E-01	 -1.56993E+00	    -2.881515%
   2	   6	  6.06086E+00	  1.76427E+01	  1.85416E+01	 -6.46599E-01	 -1.93980E+00	 -6.21465E-01	 -1.86447E+00	    -3.883961%
   2	   7	  6.06086E+00	  2.03613E+01	  2.11155E+01	 -6.46599E-01	 -2.26310E+00	 -6.14204E-01	 -2.14981E+00	    -5.006335%
   2	   8	  6.06086E+00	  2.29875E+01	  2.36310E+01	 -6.46599E-01	 -2.58640E+00	 -6.06352E-01	 -2.42553E+00	    -6.220325%
   2	   9	  6.06086E+00	  2.55154E+01	  2.60722E+01	 -6.46599E-01	 -2.90970E+00	 -5.98103E-01	 -2.69161E+00	    -7.495669%
   2	  10	  6.06086E+00	  2.79413E+01	  2.84289E+01	 -6.46599E-01	 -3.23300E+00	 -5.89662E-01	 -2.94848E+00	    -8.800783%
   2	  11	  6.06086E+00	  3.02629E+01	  3.06948E+01	 -6.46599E-01	 -3.55630E+00	 -5.81241E-01	 -3.19702E+00	   -10.102737%
   2	  12	  6.06086E+00	  3.24798E+01	  3.28665E+01	 -6.46599E-01	 -3.87960E+00	 -5.73075E-01	 -3.43867E+00	   -11.365554%
   3	 -12	  9.04935E+00	 -3.25202E+01	  3.33422E+01	 -9.69898E-01	  3.87960E+00	 -8.57194E-01	  3.42855E+00	   -11.625921%
   3	 -11	  9.04935E+00	 -3.03053E+01	  3.12324E+01	 -9.69898E-01	  3.55630E+00	 -8.69066E-01	  3.18637E+00	   -10.401627%
   3	 -10	  9.04935E+00	 -2.79857E+01	  2.90394E+01	 -9.69898E-01	  3.23300E+00	 -8.81349E-01	  2.93765E+00	    -9.134922%
   3	  -9	  9.04935E+00	 -2.55618E+01	  2.67696E+01	 -9.69898E-01	  2.90970E+00	 -8.93685E-01	  2.68090E+00	    -7.862691%
   3	  -8	  9.04935E+00	 -2.30357E+01	  2.44331E+01	 -9.69898E-01	  2.58640E+00	 -9.05755E-01	  2.41522E+00	    -6.617856%
   3	  -7	  9.04935E+00	 -2.04113E+01	  2.20458E+01	 -9.69898E-01	  2.26310E+00	 -9.17255E-01	  2.14016E+00	    -5.431665%
   3	  -6	  9.04935E+00	 -1.76943E+01	  1.96316E+01	 -9.69898E-01	  1.93980E+00	 -9.27897E-01	  1.85571E+00	    -4.333940%
   3	  -5	  9.04935E+00	 -1.48927E+01	  1.72273E+01	 -9.69898E-01	  1.61650E+00	 -9.37410E-01	  1.56229E+00	    -3.352565%
   3	  -4	  9.04935E+00	 -1.20163E+01	  1.48905E+01	 -9.69898E-01	  1.29320E+00	 -9.45551E-01	  1.26069E+00	    -2.512686%
   3	  -3	  9.04935E+00	 -9.07711E+00	  1.27146E+01	 -9.69898E-01	  9.69900E-01	 -9.52109E-01	  9.52076E-01	    -1.835887%
   3	  -2	  9.04935E+00	 -6.08901E+00	  1.08529E+01	 -9.69898E-01	  6.46600E-01	 -9.56918E-01	  6.37921E-01	    -1.339499%
   3	  -1	  9.04935E+00	 -3.06731E+00	  9.53992E+00	 -9.69898E-01	  3.23300E-01	 -9.59854E-01	  3.19933E-01	    -1.036145%
   3	   0	  9.04935E+00	 -2.84622E-02	  9.05031E+00	 -9.69898E-01	  0.00000E+00	 -9.60844E-01	 -1.65983E-05	    -0.933501%
   3	   1	  9.04935E+00	  3.01055E+00	  9.52241E+00	 -9.69898E-01	 -3.23300E-01	 -9.59862E-01	 -3.19973E-01	    -1.034161%
   3	   2	  9.04935E+00	  6.03272E+00	  1.08224E+01	 -9.69898E-01	 -6.46600E-01	 -9.56934E-01	 -6.37980E-01	    -1.335576%
   3	   3	  9.04935E+00	  9.02159E+00	  1.26763E+01	 -9.69898E-01	 -9.69900E-01	 -9.52132E-01	 -9.52165E-01	    -1.830123%
   3	   4	  9.04935E+00	  1.19618E+01	  1.48479E+01	 -9.69898E-01	 -1.29320E+00	 -9.45579E-01	 -1.26082E+00	    -2.505234%
   3	   5	  9.04935E+00	  1.48395E+01	  1.71827E+01	 -9.69898E-01	 -1.61650E+00	 -9.37443E-01	 -1.56247E+00	    -3.343645%
   3	   6	  9.04935E+00	  1.76427E+01	  1.95864E+01	 -9.69898E-01	 -1.93980E+00	 -9.27931E-01	 -1.85594E+00	    -4.323840%
   3	   7	  9.04935E+00	  2.03613E+01	  2.20008E+01	 -9.69898E-01	 -2.26310E+00	 -9.17287E-01	 -2.14044E+00	    -5.420734%
   3	   8	  9.04935E+00	  2.29875E+01	  2.43888E+01	 -9.69898E-01	 -2.58640E+00	 -9.05782E-01	 -2.41555E+00	    -6.606494%
   3	   9	  9.04935E+00	  2.55154E+01	  2.67264E+01	 -9.69898E-01	 -2.90970E+00	 -8.93705E-01	 -2.68127E+00	    -7.851332%
   3	  10	  9.04935E+00	  2.79413E+01	  2.89976E+01	 -9.69898E-01	 -3.23300E+00	 -8.81358E-01	 -2.93804E+00	    -9.124033%
   3	  11	  9.04935E+00	  3.02629E+01	  3.11921E+01	 -9.69898E-01	 -3.55630E+00	 -8.69060E-01	 -3.18675E+00	   -10.391733%
   3	  12	  9.04935E+00	  3.24798E+01	  3.33036E+01	 -9.69898E-01	 -3.87960E+00	 -8.57166E-01	 -3.42889E+00	   -11.617733%
   4	 -12	  1.19890E+01	 -3.25202E+01	  3.39339E+01	 -1.29320E+00	  3.87960E+00	 -1.13855E+00	  3.41541E+00	   -11.964423%
   4	 -11	  1.19890E+01	 -3.03053E+01	  3.19029E+01	 -1.29320E+00	  3.55630E+00	 -1.15370E+00	  3.17248E+00	   -10.792064%
   4	 -10	  1.19890E+01	 -2.79857E+01	  2.98023E+01	 -1.29320E+00	  3.23300E+00	 -1.16947E+00	  2.92348E+00	    -9.572943%
   4	  -9	  1.19890E+01	 -2.55618E+01	  2.76416E+01	 -1.29320E+00	  2.90970E+00	 -1.18534E+00	  2.66685E+00	    -8.345460%
   4	  -8	  1.19890E+01	 -2.30357E+01	  2.54349E+01	 -1.29320E+00	  2.58640E+00	 -1.20089E+00	  2.40164E+00	    -7.142647%
   4	  -7	  1.19890E+01	 -2.04113E+01	  2.32032E+01	 -1.29320E+00	  2.26310E+00	 -1.21572E+00	  2.12739E+00	    -5.995338%
   4	  -6	  1.19890E+01	 -1.76943E+01	  2.09770E+01	 -1.29320E+00	  1.93980E+00	 -1.22945E+00	  1.84409E+00	    -4.932750%
   4	  -5	  1.19890E+01	 -1.48927E+01	  1.88005E+01	 -1.29320E+00	  1.61650E+00	 -1.24174E+00	  1.55210E+00	    -3.982129%
   4	  -4	  1.19890E+01	 -1.20163E+01	  1.67386E+01	 -1.29320E+00	  1.29320E+00	 -1.25226E+00	  1.25220E+00	    -3.168058%
   4	  -3	  1.19890E+01	 -9.07711E+00	  1.48851E+01	 -1.29320E+00	  9.69900E-01	 -1.26074E+00	  9.45509E-01	    -2.511682%
   4	  -2	  1.19890E+01	 -6.08901E+00	  1.33704E+01	 -1.29320E+00	  6.46600E-01	 -1.26696E+00	  6.33443E-01	    -2.030046%
   4	  -1	  1.19890E+01	 -3.06731E+00	  1.23554E+01	 -1.29320E+00	  3.23300E-01	 -1.27076E+00	  3.17659E-01	    -1.735614%
   4	   0	  1.19890E+01	 -2.84622E-02	  1.19908E+01	 -1.29320E+00	  0.00000E+00	 -1.27204E+00	 -2.94147E-05	    -1.635973%
   4	   1	  1.19890E+01	  3.01055E+00	  1.23422E+01	 -1.29320E+00	 -3.23300E-01	 -1.27077E+00	 -3.17724E-01	    -1.733685%
   4	   2	  1.19890E+01	  6.03272E+00	  1.33463E+01	 -1.29320E+00	 -6.46600E-01	 -1.26698E+00	 -6.33527E-01	    -2.026236%
   4	   3	  1.19890E+01	  9.02159E+00	  1.48532E+01	 -1.29320E+00	 -9.69900E-01	 -1.26077E+00	 -9.45621E-01	    -2.506092%
   4	   4	  1.19890E+01	  1.19618E+01	  1.67017E+01	 -1.29320E+00	 -1.29320E+00	 -1.25229E+00	 -1.25235E+00	    -3.160850%
   4	   5	  1.19890E+01	  1.48395E+01	  1.87606E+01	 -1.29320E+00	 -1.61650E+00	 -1.24178E+00	 -1.55230E+00	    -3.973528%
   4	   6	  1.19890E+01	  1.76427E+01	  2.09356E+01	 -1.29320E+00	 -1.93980E+00	 -1.22949E+00	 -1.84433E+00	    -4.923042%
   4	   7	  1.19890E+01	  2.03613E+01	  2.31614E+01	 -1.29320E+00	 -2.26310E+00	 -1.21575E+00	 -2.12768E+00	    -5.984869%
   4	   8	  1.19890E+01	  2.29875E+01	  2.53933E+01	 -1.29320E+00	 -2.58640E+00	 -1.20092E+00	 -2.40197E+00	    -7.131809%
   4	   9	  1.19890E+01	  2.55154E+01	  2.76007E+01	 -1.29320E+00	 -2.90970E+00	 -1.18536E+00	 -2.66721E+00	    -8.334680%
   4	  10	  1.19890E+01	  2.79413E+01	  2.97624E+01	 -1.29320E+00	 -3.23300E+00	 -1.16947E+00	 -2.92386E+00	    -9.562685%
   4	  11	  1.19890E+01	  3.02629E+01	  3.18642E+01	 -1.29320E+00	 -3.55630E+00	 -1.15369E+00	 -3.17285E+00	   -10.782875%
   4	  12	  1.19890E+01	  3.24798E+01	  3.38966E+01	 -1.29320E+00	 -3.87960E+00	 -1.13850E+00	 -3.41574E+00	   -11.957099%
   5	 -12	  1.48661E+01	 -3.25202E+01	  3.46646E+01	 -1.61650E+00	  3.87960E+00	 -1.41654E+00	  3.39944E+00	   -12.375496%
   5	 -11	  1.48661E+01	 -3.03053E+01	  3.27269E+01	 -1.61650E+00	  3.55630E+00	 -1.43439E+00	  3.15543E+00	   -11.271024%
   5	 -10	  1.48661E+01	 -2.79857E+01	  3.07345E+01	 -1.61650E+00	  3.23300E+00	 -1.45311E+00	  2.90602E+00	   -10.112618%
   5	  -9	  1.48661E+01	 -2.55618E+01	  2.86992E+01	 -1.61650E+00	  2.90970E+00	 -1.47203E+00	  2.64948E+00	    -8.941642%
   5	  -8	  1.48661E+01	 -2.30357E+01	  2.66387E+01	 -1.61650E+00	  2.58640E+00	 -1.49061E+00	  2.38483E+00	    -7.791658%
   5	  -7	  1.48661E+01	 -2.04113E+01	  2.45773E+01	 -1.61650E+00	  2.26310E+00	 -1.50836E+00	  2.11158E+00	    -6.693158%
   5	  -6	  1.48661E+01	 -1.76943E+01	  2.25492E+01	 -1.61650E+00	  1.93980E+00	 -1.52482E+00	  1.82968E+00	    -5.674690%
   5	  -5	  1.48661E+01	 -1.48927E+01	  2.06011E+01	 -1.61650E+00	  1.61650E+00	 -1.53955E+00	  1.53946E+00	    -4.762749%
   5	  -4	  1.48661E+01	 -1.20163E+01	  1.87965E+01	 -1.61650E+00	  1.29320E+00	 -1.55218E+00	  1.24167E+00	    -3.981212%
   5	  -3	  1.48661E+01	 -9.07711E+00	  1.72184E+01	 -1.61650E+00	  9.69900E-01	 -1.56236E+00	  9.37355E-01	    -3.350659%
   5	  -2	  1.48661E+01	 -6.08901E+00	  1.59684E+01	 -1.61650E+00	  6.46600E-01	 -1.56984E+00	  6.27881E-01	    -2.887725%
   5	  -1	  1.48661E+01	 -3.06731E+00	  1.51555E+01	 -1.61650E+00	  3.23300E-01	 -1.57440E+00	  3.14833E-01	    -2.604619%
   5	   0	  1.48661E+01	 -2.84622E-02	  1.48692E+01	 -1.61650E+00	  0.00000E+00	 -1.57594E+00	 -4.56768E-05	    -2.508793%
   5	   1	  1.48661E+01	  3.01055E+00	  1.51451E+01	 -1.61650E+00	 -3.23300E-01	 -1.57441E+00	 -3.14930E-01	    -2.602765%
   5	   2	  1.48661E+01	  6.03272E+00	  1.59489E+01	 -1.61650E+00	 -6.46600E-01	 -1.56986E+00	 -6.27996E-01	    -2.884068%
   5	   3	  1.48661E+01	  9.02159E+00	  1.71916E+01	 -1.61650E+00	 -9.69900E-01	 -1.56239E+00	 -9.37498E-01	    -3.345307%
   5	   4	  1.48661E+01	  1.19618E+01	  1.87646E+01	 -1.61650E+00	 -1.29320E+00	 -1.55222E+00	 -1.24185E+00	    -3.974331%
   5	   5	  1.48661E+01	  1.48395E+01	  2.05658E+01	 -1.61650E+00	 -1.61650E+00	 -1.53960E+00	 -1.53969E+00	    -4.754565%
   5	   6	  1.48661E+01	  1.76427E+01	  2.25118E+01	 -1.61650E+00	 -1.93980E+00	 -1.52486E+00	 -1.82994E+00	    -5.665490%
   5	   7	  1.48661E+01	  2.03613E+01	  2.45389E+01	 -1.61650E+00	 -2.26310E+00	 -1.50840E+00	 -2.11189E+00	    -6.683282%
   5	   8	  1.48661E+01	  2.29875E+01	  2.66000E+01	 -1.61650E+00	 -2.58640E+00	 -1.49064E+00	 -2.38518E+00	    -7.781488%
   5	   9	  1.48661E+01	  2.55154E+01	  2.86609E+01	 -1.61650E+00	 -2.90970E+00	 -1.47205E+00	 -2.64986E+00	    -8.931598%
   5	  10	  1.48661E+01	  2.79413E+01	  3.06967E+01	 -1.61650E+00	 -3.23300E+00	 -1.45310E+00	 -2.90640E+00	   -10.103170%
   5	  11	  1.48661E+01	  3.02629E+01	  3.26901E+01	 -1.61650E+00	 -3.55630E+00	 -1.43435E+00	 -3.15580E+00	   -11.262765%
   5	  12	  1.48661E+01	  3.24798E+01	  3.46289E+01	 -1.61650E+00	 -3.87960E+00	 -1.41646E+00	 -3.39975E+00	   -12.369371%
   6	 -12	  1.76685E+01	 -3.25202E+01	  3.55155E+01	 -1.93980E+00	  3.87960E+00	 -1.69085E+00	  3.38145E+00	   -12.838989%
   6	 -11	  1.76685E+01	 -3.03053E+01	  3.36813E+01	 -1.93980E+00	  3.55630E+00	 -1.71059E+00	  3.13586E+00	   -11.820975%
   6	 -10	  1.76685E+01	 -2.79857E+01	  3.18070E+01	 -1.93980E+00	  3.23300E+00	 -1.73162E+00	  2.88582E+00	   -10.736789%
   6	  -9	  1.76685E+01	 -2.55618E+01	  2.99065E+01	 -1.93980E+00	  2.90970E+00	 -1.75301E+00	  2.62933E+00	    -9.633659%
   6	  -8	  1.76685E+01	 -2.30357E+01	  2.79995E+01	 -1.93980E+00	  2.58640E+00	 -1.77409E+00	  2.36529E+00	    -8.546600%
   6	  -7	  1.76685E+01	 -2.04113E+01	  2.61121E+01	 -1.93980E+00	  2.26310E+00	 -1.79427E+00	  2.09317E+00	    -7.506042%
   6	  -6	  1.76685E+01	 -1.76943E+01	  2.42792E+01	 -1.93980E+00	  1.93980E+00	 -1.81300E+00	  1.81288E+00	    -6.539906%
   6	  -5	  1.76685E+01	 -1.48927E+01	  2.25461E+01	 -1.93980E+00	  1.61650E+00	 -1.82979E+00	  1.52472E+00	    -5.673878%
   6	  -4	  1.76685E+01	 -1.20163E+01	  2.09701E+01	 -1.93980E+00	  1.29320E+00	 -1.84419E+00	  1.22937E+00	    -4.931034%
   6	  -3	  1.76685E+01	 -9.07711E+00	  1.96203E+01	 -1.93980E+00	  9.69900E-01	 -1.85581E+00	  9.27825E-01	    -4.331261%
   6	  -2	  1.76685E+01	 -6.08901E+00	  1.85740E+01	 -1.93980E+00	  6.46600E-01	 -1.86435E+00	  6.21377E-01	    -3.890673%
   6	  -1	  1.76685E+01	 -3.06731E+00	  1.79061E+01	 -1.93980E+00	  3.23300E-01	 -1.86956E+00	  3.11527E-01	    -3.621125%
   6	   0	  1.76685E+01	 -2.84622E-02	  1.76734E+01	 -1.93980E+00	  0.00000E+00	 -1.87132E+00	 -6.50996E-05	    -3.529871%
   6	   1	  1.76685E+01	  3.01055E+00	  1.78976E+01	 -1.93980E+00	 -3.23300E-01	 -1.86958E+00	 -3.11663E-01	    -3.619368%
   6	   2	  1.76685E+01	  6.03272E+00	  1.85578E+01	 -1.93980E+00	 -6.46600E-01	 -1.86437E+00	 -6.21529E-01	    -3.887214%
   6	   3	  1.76685E+01	  9.02159E+00	  1.95977E+01	 -1.93980E+00	 -9.69900E-01	 -1.85584E+00	 -9.28003E-01	    -4.326211%
   6	   4	  1.76685E+01	  1.19618E+01	  2.09425E+01	 -1.93980E+00	 -1.29320E+00	 -1.84423E+00	 -1.22958E+00	    -4.924562%
   6	   5	  1.76685E+01	  1.48395E+01	  2.25149E+01	 -1.93980E+00	 -1.61650E+00	 -1.82983E+00	 -1.52497E+00	    -5.666211%
   6	   6	  1.76685E+01	  1.76427E+01	  2.42457E+01	 -1.93980E+00	 -1.93980E+00	 -1.81304E+00	 -1.81317E+00	    -6.531328%
   6	   7	  1.76685E+01	  2.03613E+01	  2.60772E+01	 -1.93980E+00	 -2.26310E+00	 -1.79430E+00	 -2.09350E+00	    -7.496884%
   6	   8	  1.76685E+01	  2.29875E+01	  2.79639E+01	 -1.93980E+00	 -2.58640E+00	 -1.77411E+00	 -2.36565E+00	    -8.537237%
   6	   9	  1.76685E+01	  2.55154E+01	  2.98709E+01	 -1.93980E+00	 -2.90970E+00	 -1.75302E+00	 -2.62971E+00	    -9.624508%
   6	  10	  1.76685E+01	  2.79413E+01	  3.17716E+01	 -1.93980E+00	 -3.23300E+00	 -1.73160E+00	 -2.88621E+00	   -10.728343%
   6	  11	  1.76685E+01	  3.02629E+01	  3.36466E+01	 -1.93980E+00	 -3.55630E+00	 -1.71054E+00	 -3.13621E+00	   -11.813916%
   6	  12	  1.76685E+01	  3.24798E+01	  3.54816E+01	 -1.93980E+00	 -3.87960E+00	 -1.69074E+00	 -3.38172E+00	   -12.834530%
   7	 -12	  2.03863E+01	 -3.25202E+01	  3.64670E+01	 -2.26309E+00	  3.87960E+00	 -1.96165E+00	  3.36256E+00	   -13.325352%
   7	 -11	  2.03863E+01	 -3.03053E+01	  3.47423E+01	 -2.26309E+00	  3.55630E+00	 -1.98215E+00	  3.11457E+00	   -12.419165%
   7	 -10	  2.03863E+01	 -2.79857E+01	  3.29911E+01	 -2.26309E+00	  3.23300E+00	 -2.00466E+00	  2.86357E+00	   -11.424508%
   7	  -9	  2.03863E+01	 -2.55618E+01	  3.12287E+01	 -2.26309E+00	  2.90970E+00	 -2.02782E+00	  2.60699E+00	   -10.400656%
   7	  -8	  2.03863E+01	 -2.30357E+01	  2.94756E+01	 -2.26309E+00	  2.58640E+00	 -2.05077E+00	  2.34356E+00	    -9.386064%
   7	  -7	  2.03863E+01	 -2.04113E+01	  2.77580E+01	 -2.26309E+00	  2.26310E+00	 -2.07281E+00	  2.07265E+00	    -8.411788%
   7	  -6	  2.03863E+01	 -1.76943E+01	  2.61096E+01	 -2.26309E+00	  1.93980E+00	 -2.09331E+00	  1.79413E+00	    -7.505350%
   7	  -5	  2.03863E+01	 -1.48927E+01	  2.45718E+01	 -2.26309E+00	  1.61650E+00	 -2.11172E+00	  1.50824E+00	    -6.691666%
   7	  -4	  2.03863E+01	 -1.20163E+01	  2.31943E+01	 -2.26309E+00	  1.29320E+00	 -2.12752E+00	  1.21561E+00	    -5.992967%
   7	  -3	  2.03863E+01	 -9.07711E+00	  2.20329E+01	 -2.26309E+00	  9.69900E-01	 -2.14028E+00	  9.17162E-01	    -5.428367%
   7	  -2	  2.03863E+01	 -6.08901E+00	  2.11461E+01	 -2.26309E+00	  6.46600E-01	 -2.14966E+00	  6.14096E-01	    -5.013358%
   7	  -1	  2.03863E+01	 -3.06731E+00	  2.05870E+01	 -2.26309E+00	  3.23300E-01	 -2.15540E+00	  3.07825E-01	    -4.759352%
   7	   0	  2.03863E+01	 -2.84622E-02	  2.03936E+01	 -2.26309E+00	  0.00000E+00	 -2.15733E+00	 -8.72565E-05	    -4.673347%
   7	   1	  2.03863E+01	  3.01055E+00	  2.05799E+01	 -2.26309E+00	 -3.23300E-01	 -2.15541E+00	 -3.08005E-01	    -4.757716%
   7	   2	  2.03863E+01	  6.03272E+00	  2.11325E+01	 -2.26309E+00	 -6.46600E-01	 -2.14969E+00	 -6.14290E-01	    -5.010140%
   7	   3	  2.03863E+01	  9.02159E+00	  2.20136E+01	 -2.26309E+00	 -9.69900E-01	 -2.14032E+00	 -9.17380E-01	    -5.423683%
   7	   4	  2.03863E+01	  1.19618E+01	  2.31704E+01	 -2.26309E+00	 -1.29320E+00	 -2.12756E+00	 -1.21586E+00	    -5.986985%
   7	   5	  2.03863E+01	  1.48395E+01	  2.45444E+01	 -2.26309E+00	 -1.61650E+00	 -2.11176E+00	 -1.50853E+00	    -6.684612%
   7	   6	  2.03863E+01	  1.76427E+01	  2.60797E+01	 -2.26309E+00	 -1.93980E+00	 -2.09335E+00	 -1.79444E+00	    -7.497501%
   7	   7	  2.03863E+01	  2.03613E+01	  2.77264E+01	 -2.26309E+00	 -2.26310E+00	 -2.07284E+00	 -2.07300E+00	    -8.403467%
   7	   8	  2.03863E+01	  2.29875E+01	  2.94430E+01	 -2.26309E+00	 -2.58640E+00	 -2.05078E+00	 -2.34393E+00	    -9.377641%
   7	   9	  2.03863E+01	  2.55154E+01	  3.11958E+01	 -2.26309E+00	 -2.90970E+00	 -2.02781E+00	 -2.60738E+00	   -10.392560%
   7	  10	  2.03863E+01	  2.79413E+01	  3.29582E+01	 -2.26309E+00	 -3.23300E+00	 -2.00461E+00	 -2.86395E+00	   -11.417290%
   7	  11	  2.03863E+01	  3.02629E+01	  3.47097E+01	 -2.26309E+00	 -3.55630E+00	 -1.98206E+00	 -3.11490E+00	   -12.413680%
   7	  12	  2.03863E+01	  3.24798E+01	  3.64350E+01	 -2.26309E+00	 -3.87960E+00	 -1.96147E+00	 -3.36277E+00	   -13.323313%
   8	 -12	  2.30116E+01	 -3.25202E+01	  3.74994E+01	 -2.58639E+00	  3.87960E+00	 -2.22998E+00	  3.34470E+00	   -13.785379%
   8	 -11	  2.30116E+01	 -3.03053E+01	  3.58867E+01	 -2.58639E+00	  3.55630E+00	 -2.24940E+00	  3.09267E+00	   -13.034268%
   8	 -10	  2.30116E+01	 -2.79857E+01	  3.42596E+01	 -2.58639E+00	  3.23300E+00	 -2.27227E+00	  2.84010E+00	   -12.149907%
   8	  -9	  2.30116E+01	 -2.55618E+01	  3.26340E+01	 -2.58639E+00	  2.90970E+00	 -2.29636E+00	  2.58318E+00	   -11.218265%
   8	  -8	  2.30116E+01	 -2.30357E+01	  3.10302E+01	 -2.58639E+00	  2.58640E+00	 -2.32047E+00	  2.32027E+00	   -10.285711%
   8	  -7	  2.30116E+01	 -2.04113E+01	  2.94735E+01	 -2.58639E+00	  2.26310E+00	 -2.34374E+00	  2.05059E+00	    -9.385506%
   8	  -6	  2.30116E+01	 -1.76943E+01	  2.79951E+01	 -2.58639E+00	  1.93980E+00	 -2.36546E+00	  1.77393E+00	    -8.545362%
   8	  -5	  2.30116E+01	 -1.48927E+01	  2.66315E+01	 -2.58639E+00	  1.61650E+00	 -2.38499E+00	  1.49047E+00	    -7.789644%
   8	  -4	  2.30116E+01	 -1.20163E+01	  2.54246E+01	 -2.58639E+00	  1.29320E+00	 -2.40179E+00	  1.20076E+00	    -7.139789%
   8	  -3	  2.30116E+01	 -9.07711E+00	  2.44193E+01	 -2.58639E+00	  9.69900E-01	 -2.41537E+00	  9.05638E-01	    -6.614118%
   8	  -2	  2.30116E+01	 -6.08901E+00	  2.36600E+01	 -2.58639E+00	  6.46600E-01	 -2.42536E+00	  6.06221E-01	    -6.227440%
   8	  -1	  2.30116E+01	 -3.06731E+00	  2.31853E+01	 -2.58639E+00	  3.23300E-01	 -2.43147E+00	  3.03820E-01	    -5.990666%
   8	   0	  2.30116E+01	 -2.84622E-02	  2.30219E+01	 -2.58639E+00	  0.00000E+00	 -2.43353E+00	 -1.11593E-04	    -5.910485%
   8	   1	  2.30116E+01	  3.01055E+00	  2.31793E+01	 -2.58639E+00	 -3.23300E-01	 -2.43148E+00	 -3.04048E-01	    -5.989170%
   8	   2	  2.30116E+01	  6.03272E+00	  2.36484E+01	 -2.58639E+00	 -6.46600E-01	 -2.42538E+00	 -6.06462E-01	    -6.224505%
   8	   3	  2.30116E+01	  9.02159E+00	  2.44027E+01	 -2.58639E+00	 -9.69900E-01	 -2.41540E+00	 -9.05899E-01	    -6.609857%
   8	   4	  2.30116E+01	  1.19618E+01	  2.54037E+01	 -2.58639E+00	 -1.29320E+00	 -2.40182E+00	 -1.20105E+00	    -7.134370%
   8	   5	  2.30116E+01	  1.48395E+01	  2.66073E+01	 -2.58639E+00	 -1.61650E+00	 -2.38502E+00	 -1.49079E+00	    -7.783287%
   8	   6	  2.30116E+01	  1.76427E+01	  2.79684E+01	 -2.58639E+00	 -1.93980E+00	 -2.36548E+00	 -1.77428E+00	    -8.538339%
   8	   7	  2.30116E+01	  2.03613E+01	  2.94451E+01	 -2.58639E+00	 -2.26310E+00	 -2.34375E+00	 -2.05096E+00	    -9.378136%
   8	   8	  2.30116E+01	  2.29875E+01	  3.10005E+01	 -2.58639E+00	 -2.58640E+00	 -2.32046E+00	 -2.32066E+00	   -10.278370%
   8	   9	  2.30116E+01	  2.55154E+01	  3.26037E+01	 -2.58639E+00	 -2.90970E+00	 -2.29632E+00	 -2.58358E+00	   -11.211421%
   8	  10	  2.30116E+01	  2.79413E+01	  3.42291E+01	 -2.58639E+00	 -3.23300E+00	 -2.27218E+00	 -2.84047E+00	   -12.144236%
   8	  11	  2.30116E+01	  3.02629E+01	  3.58563E+01	 -2.58639E+00	 -3.55630E+00	 -2.24924E+00	 -3.09297E+00	   -13.030969%
   8	  12	  2.30116E+01	  3.24798E+01	  3.74695E+01	 -2.58639E+00	 -3.87960E+00	 -2.22968E+00	 -3.34479E+00	   -13.787195%
   9	 -12	  2.55386E+01	 -3.25202E+01	  3.85943E+01	 -2.90969E+00	  3.87960E+00	 -2.49908E+00	  3.33184E+00	   -14.116537%
   9	 -11	  2.55386E+01	 -3.03053E+01	  3.70931E+01	 -2.90969E+00	  3.55630E+00	 -2.51363E+00	  3.07195E+00	   -13.616347%
   9	 -10	  2.55386E+01	 -2.79857E+01	  3.55879E+01	 -2.90969E+00	  3.23300E+00	 -2.53510E+00	  2.81652E+00	   -12.878465%
   9	  -9	  2.55386E+01	 -2.55618E+01	  3.40945E+01	 -2.90969E+00	  2.90970E+00	 -2.55899E+00	  2.55875E+00	   -12.057183%
   9	  -8	  2.55386E+01	 -2.30357E+01	  3.26323E+01	 -2.90969E+00	  2.58640E+00	 -2.58340E+00	  2.29614E+00	   -11.217858%
   9	  -7	  2.55386E+01	 -2.04113E+01	  3.12251E+01	 -2.90969E+00	  2.26310E+00	 -2.60719E+00	  2.02762E+00	   -10.399699%
   9	  -6	  2.55386E+01	 -1.76943E+01	  2.99006E+01	 -2.90969E+00	  1.93980E+00	 -2.62952E+00	  1.75283E+00	    -9.632043%
   9	  -5	  2.55386E+01	 -1.48927E+01	  2.86907E+01	 -2.90969E+00	  1.61650E+00	 -2.64966E+00	  1.47186E+00	    -8.939283%
   9	  -4	  2.55386E+01	 -1.20163E+01	  2.76303E+01	 -2.90969E+00	  1.29320E+00	 -2.66702E+00	  1.18518E+00	    -8.342303%
   9	  -3	  2.55386E+01	 -9.07711E+00	  2.67552E+01	 -2.90969E+00	  9.69900E-01	 -2.68108E+00	  8.93541E-01	    -7.858709%
   9	  -2	  2.55386E+01	 -6.08901E+00	  2.60996E+01	 -2.90969E+00	  6.46600E-01	 -2.69142E+00	  5.97950E-01	    -7.502641%
   9	  -1	  2.55386E+01	 -3.06731E+00	  2.56923E+01	 -2.90969E+00	  3.23300E-01	 -2.69775E+00	  2.99611E-01	    -7.284484%
   9	   0	  2.55386E+01	 -2.84622E-02	  2.55525E+01	 -2.90969E+00	  0.00000E+00	 -2.69989E+00	 -1.37470E-04	    -7.210600%
   9	   1	  2.55386E+01	  3.01055E+00	  2.56872E+01	 -2.90969E+00	 -3.23300E-01	 -2.69776E+00	 -2.99890E-01	    -7.283148%
   9	   2	  2.55386E+01	  6.03272E+00	  2.60897E+01	 -2.90969E+00	 -6.46600E-01	 -2.69144E+00	 -5.98240E-01	    -7.500024%
   9	   3	  2.55386E+01	  9.02159E+00	  2.67408E+01	 -2.90969E+00	 -9.69900E-01	 -2.68109E+00	 -8.93849E-01	    -7.854923%
   9	   4	  2.55386E+01	  1.19618E+01	  2.76121E+01	 -2.90969E+00	 -1.29320E+00	 -2.66704E+00	 -1.18551E+00	    -8.337512%
   9	   5	  2.55386E+01	  1.48395E+01	  2.86694E+01	 -2.90969E+00	 -1.61650E+00	 -2.64968E+00	 -1.47222E+00	    -8.933703%
   9	   6	  2.55386E+01	  1.76427E+01	  2.98768E+01	 -2.90969E+00	 -1.93980E+00	 -2.62952E+00	 -1.75320E+00	    -9.625942%
   9	   7	  2.55386E+01	  2.03613E+01	  3.11994E+01	 -2.90969E+00	 -2.26310E+00	 -2.60718E+00	 -2.02801E+00	   -10.393403%
   9	   8	  2.55386E+01	  2.29875E+01	  3.26054E+01	 -2.90969E+00	 -2.58640E+00	 -2.58336E+00	 -2.29654E+00	   -11.211775%
   9	   9	  2.55386E+01	  2.55154E+01	  3.40668E+01	 -2.90969E+00	 -2.90970E+00	 -2.55891E+00	 -2.55914E+00	   -12.051882%
   9	  10	  2.55386E+01	  2.79413E+01	  3.55598E+01	 -2.90969E+00	 -3.23300E+00	 -2.53495E+00	 -2.81687E+00	   -12.874888%
   9	  11	  2.55386E+01	  3.02629E+01	  3.70649E+01	 -2.90969E+00	 -3.55630E+00	 -2.51337E+00	 -3.07216E+00	   -13.616428%
   9	  12	  2.55386E+01	  3.24798E+01	  3.85663E+01	 -2.90969E+00	 -3.87960E+00	 -2.49856E+00	 -3.33168E+00	   -14.125585%
  10	 -12	  2.79635E+01	 -3.25202E+01	  3.97346E+01	 -3.23299E+00	  3.87960E+00	 -2.78023E+00	  3.33602E+00	   -14.008398%
  10	 -11	  2.79635E+01	 -3.03053E+01	  3.83422E+01	 -3.23299E+00	  3.55630E+00	 -2.77847E+00	  3.05605E+00	   -14.063110%
  10	 -10	  2.79635E+01	 -2.79857E+01	  3.69544E+01	 -3.23299E+00	  3.23300E+00	 -2.79489E+00	  2.79462E+00	   -13.555266%
  10	  -9	  2.79635E+01	 -2.55618E+01	  3.55865E+01	 -3.23299E+00	  2.90970E+00	 -2.81677E+00	  2.53484E+00	   -12.878264%
  10	  -8	  2.79635E+01	 -2.30357E+01	  3.42566E+01	 -3.23299E+00	  2.58640E+00	 -2.84033E+00	  2.27202E+00	   -12.149292%
  10	  -7	  2.79635E+01	 -2.04113E+01	  3.29862E+01	 -3.23299E+00	  2.26310E+00	 -2.86378E+00	  2.00443E+00	   -11.423348%
  10	  -6	  2.79635E+01	 -1.76943E+01	  3.17999E+01	 -3.23299E+00	  1.93980E+00	 -2.88603E+00	  1.73141E+00	   -10.734991%
  10	  -5	  2.79635E+01	 -1.48927E+01	  3.07250E+01	 -3.23299E+00	  1.61650E+00	 -2.90621E+00	  1.45291E+00	   -10.110115%
  10	  -4	  2.79635E+01	 -1.20163E+01	  2.97904E+01	 -3.23299E+00	  1.29320E+00	 -2.92367E+00	  1.16928E+00	    -9.569694%
  10	  -3	  2.79635E+01	 -9.07711E+00	  2.90248E+01	 -3.23299E+00	  9.69900E-01	 -2.93784E+00	  8.81176E-01	    -9.130911%
  10	  -2	  2.79635E+01	 -6.08901E+00	  2.84549E+01	 -3.23299E+00	  6.46600E-01	 -2.94828E+00	  5.89487E-01	    -8.807365%
  10	  -1	  2.79635E+01	 -3.06731E+00	  2.81024E+01	 -3.23299E+00	  3.23300E-01	 -2.95468E+00	  2.95303E-01	    -8.608967%
  10	   0	  2.79635E+01	 -2.84622E-02	  2.79817E+01	 -3.23299E+00	  0.00000E+00	 -2.95684E+00	 -1.64215E-04	    -8.541764%
  10	   1	  2.79635E+01	  3.01055E+00	  2.80980E+01	 -3.23299E+00	 -3.23300E-01	 -2.95469E+00	 -2.95634E-01	    -8.607806%
  10	   2	  2.79635E+01	  6.03272E+00	  2.84462E+01	 -3.23299E+00	 -6.46600E-01	 -2.94829E+00	 -5.89828E-01	    -8.805097%
  10	   3	  2.79635E+01	  9.02159E+00	  2.90122E+01	 -3.23299E+00	 -9.69900E-01	 -2.93785E+00	 -8.81531E-01	    -9.127644%
  10	   4	  2.79635E+01	  1.19618E+01	  2.97744E+01	 -3.23299E+00	 -1.29320E+00	 -2.92368E+00	 -1.16966E+00	    -9.565591%
  10	   5	  2.79635E+01	  1.48395E+01	  3.07062E+01	 -3.23299E+00	 -1.61650E+00	 -2.90621E+00	 -1.45330E+00	   -10.105391%
  10	   6	  2.79635E+01	  1.76427E+01	  3.17787E+01	 -3.23299E+00	 -1.93980E+00	 -2.88601E+00	 -1.73181E+00	   -10.729923%
  10	   7	  2.79635E+01	  2.03613E+01	  3.29631E+01	 -3.23299E+00	 -2.26310E+00	 -2.86374E+00	 -2.00484E+00	   -11.418295%
  10	   8	  2.79635E+01	  2.29875E+01	  3.42322E+01	 -3.23299E+00	 -2.58640E+00	 -2.84024E+00	 -2.27243E+00	   -12.144755%
  10	   9	  2.79635E+01	  2.55154E+01	  3.55612E+01	 -3.23299E+00	 -2.90970E+00	 -2.81662E+00	 -2.53521E+00	   -12.875044%
  10	  10	  2.79635E+01	  2.79413E+01	  3.69286E+01	 -3.23299E+00	 -3.23300E+00	 -2.79464E+00	 -2.79490E+00	   -13.554911%
  10	  11	  2.79635E+01	  3.02629E+01	  3.83161E+01	 -3.23299E+00	 -3.55630E+00	 -2.77800E+00	 -3.05607E+00	   -14.069444%
  10	  12	  2.79635E+01	  3.24798E+01	  3.97086E+01	 -3.23299E+00	 -3.87960E+00	 -2.77907E+00	 -3.33514E+00	   -14.036627%
  11	 -12	  3.02841E+01	 -3.25202E+01	  4.09051E+01	 -3.55629E+00	  3.87960E+00	 -3.18262E+00	  3.47174E+00	   -10.510411%
  11	 -11	  3.02841E+01	 -3.03053E+01	  3.96173E+01	 -3.55629E+00	  3.55630E+00	 -3.05630E+00	  3.05604E+00	   -14.063108%
  11	 -10	  3.02841E+01	 -2.79857E+01	  3.83410E+01	 -3.55629E+00	  3.23300E+00	 -3.05630E+00	  2.77818E+00	   -14.063382%
  11	  -9	  3.02841E+01	 -2.55618E+01	  3.70905E+01	 -3.55629E+00	  2.90970E+00	 -3.07219E+00	  2.51334E+00	   -13.616315%
  11	  -8	  3.02841E+01	 -2.30357E+01	  3.58826E+01	 -3.55629E+00	  2.58640E+00	 -3.09290E+00	  2.24913E+00	   -13.033754%
  11	  -7	  3.02841E+01	 -2.04113E+01	  3.47364E+01	 -3.55629E+00	  2.26310E+00	 -3.11478E+00	  1.98189E+00	   -12.418076%
  11	  -6	  3.02841E+01	 -1.76943E+01	  3.36735E+01	 -3.55629E+00	  1.93980E+00	 -3.13606E+00	  1.71035E+00	   -11.819250%
  11	  -5	  3.02841E+01	 -1.48927E+01	  3.27169E+01	 -3.55629E+00	  1.61650E+00	 -3.15563E+00	  1.43416E+00	   -11.268622%
  11	  -4	  3.02841E+01	 -1.20163E+01	  3.18906E+01	 -3.55629E+00	  1.29320E+00	 -3.17267E+00	  1.15349E+00	   -10.788964%
  11	  -3	  3.02841E+01	 -9.07711E+00	  3.12178E+01	 -3.55629E+00	  9.69900E-01	 -3.18657E+00	  8.68862E-01	   -10.397828%
  11	  -2	  3.02841E+01	 -6.08901E+00	  3.07194E+01	 -3.55629E+00	  6.46600E-01	 -3.19683E+00	  5.81046E-01	   -10.108658%
  11	  -1	  3.02841E+01	 -3.06731E+00	  3.04122E+01	 -3.55629E+00	  3.23300E-01	 -3.20313E+00	  2.91001E-01	    -9.931077%
  11	   0	  3.02841E+01	 -2.84622E-02	  3.03073E+01	 -3.55629E+00	  0.00000E+00	 -3.20525E+00	 -1.91153E-04	    -9.870904%
  11	   1	  3.02841E+01	  3.01055E+00	  3.04084E+01	 -3.55629E+00	 -3.23300E-01	 -3.20313E+00	 -2.91386E-01	    -9.930105%
  11	   2	  3.02841E+01	  6.03272E+00	  3.07118E+01	 -3.55629E+00	 -6.46600E-01	 -3.19683E+00	 -5.81438E-01	   -10.106769%
  11	   3	  3.02841E+01	  9.02159E+00	  3.12068E+01	 -3.55629E+00	 -9.69900E-01	 -3.18656E+00	 -8.69264E-01	   -10.395130%
  11	   4	  3.02841E+01	  1.19618E+01	  3.18765E+01	 -3.55629E+00	 -1.29320E+00	 -3.17266E+00	 -1.15390E+00	   -10.785622%
  11	   5	  3.02841E+01	  1.48395E+01	  3.27002E+01	 -3.55629E+00	 -1.61650E+00	 -3.15560E+00	 -1.43458E+00	   -11.264868%
  11	   6	  3.02841E+01	  1.76427E+01	  3.36545E+01	 -3.55629E+00	 -1.93980E+00	 -3.13601E+00	 -1.71078E+00	   -11.815399%
  11	   7	  3.02841E+01	  2.03613E+01	  3.47157E+01	 -3.55629E+00	 -2.26310E+00	 -3.11469E+00	 -1.98232E+00	   -12.414585%
  11	   8	  3.02841E+01	  2.29875E+01	  3.58605E+01	 -3.55629E+00	 -2.58640E+00	 -3.09274E+00	 -2.24952E+00	   -13.031355%
  11	   9	  3.02841E+01	  2.55154E+01	  3.70675E+01	 -3.55629E+00	 -2.90970E+00	 -3.07193E+00	 -2.51366E+00	   -13.616382%
  11	  10	  3.02841E+01	  2.79413E+01	  3.83173E+01	 -3.55629E+00	 -3.23300E+00	 -3.05582E+00	 -2.77829E+00	   -14.069140%
  11	  11	  3.02841E+01	  3.02629E+01	  3.95932E+01	 -3.55629E+00	 -3.55630E+00	 -3.05523E+00	 -3.05549E+00	   -14.085977%
  11	  12	  3.02841E+01	  3.24798E+01	  4.08809E+01	 -3.55629E+00	 -3.87960E+00	 -3.17155E+00	 -3.46009E+00	   -10.815665%
  12	 -11	  3.25000E+01	 -3.03053E+01	  4.09040E+01	 -3.87959E+00	  3.55630E+00	 -3.47141E+00	  3.18192E+00	   -10.523941%
  12	 -10	  3.25000E+01	 -2.79857E+01	  3.97324E+01	 -3.87959E+00	  3.23300E+00	 -3.33616E+00	  2.77988E+00	   -14.010743%
  12	  -9	  3.25000E+01	 -2.55618E+01	  3.85908E+01	 -3.87959E+00	  2.90970E+00	 -3.33202E+00	  2.49874E+00	   -14.117623%
  12	  -8	  3.25000E+01	 -2.30357E+01	  3.74944E+01	 -3.87959E+00	  2.58640E+00	 -3.34489E+00	  2.22966E+00	   -13.785609%
  12	  -7	  3.25000E+01	 -2.04113E+01	  3.64603E+01	 -3.87959E+00	  2.26310E+00	 -3.36276E+00	  1.96135E+00	   -13.324827%
  12	  -6	  3.25000E+01	 -1.76943E+01	  3.55070E+01	 -3.87959E+00	  1.93980E+00	 -3.38164E+00	  1.69057E+00	   -12.837747%
  12	  -5	  3.25000E+01	 -1.48927E+01	  3.46542E+01	 -3.87959E+00	  1.61650E+00	 -3.39964E+00	  1.41627E+00	   -12.373556%
  12	  -4	  3.25000E+01	 -1.20163E+01	  3.39215E+01	 -3.87959E+00	  1.29320E+00	 -3.41559E+00	  1.13830E+00	   -11.961804%
  12	  -3	  3.25000E+01	 -9.07711E+00	  3.33277E+01	 -3.87959E+00	  9.69900E-01	 -3.42873E+00	  8.56957E-01	   -11.622652%
  12	  -2	  3.25000E+01	 -6.08901E+00	  3.28897E+01	 -3.87959E+00	  6.46600E-01	 -3.43850E+00	  5.72862E-01	   -11.370460%
  12	  -1	  3.25000E+01	 -3.06731E+00	  3.26206E+01	 -3.87959E+00	  3.23300E-01	 -3.44451E+00	  2.86824E-01	   -11.215097%
  12	   0	  3.25000E+01	 -2.84622E-02	  3.25287E+01	 -3.87959E+00	  0.00000E+00	 -3.44654E+00	 -2.17514E-04	   -11.162405%
  12	   1	  3.25000E+01	  3.01055E+00	  3.26172E+01	 -3.87959E+00	 -3.23300E-01	 -3.44450E+00	 -2.87261E-01	   -11.214337%
  12	   2	  3.25000E+01	  6.03272E+00	  3.28831E+01	 -3.87959E+00	 -6.46600E-01	 -3.43849E+00	 -5.73303E-01	   -11.368997%
  12	   3	  3.25000E+01	  9.02159E+00	  3.33181E+01	 -3.87959E+00	 -9.69900E-01	 -3.42871E+00	 -8.57404E-01	   -11.620605%
  12	   4	  3.25000E+01	  1.19618E+01	  3.39090E+01	 -3.87959E+00	 -1.29320E+00	 -3.41555E+00	 -1.13875E+00	   -11.959362%
  12	   5	  3.25000E+01	  1.48395E+01	  3.46393E+01	 -3.87959E+00	 -1.61650E+00	 -3.39956E+00	 -1.41673E+00	   -12.371004%
  12	   6	  3.25000E+01	  1.76427E+01	  3.54901E+01	 -3.87959E+00	 -1.93980E+00	 -3.38153E+00	 -1.69101E+00	   -12.835517%
  12	   7	  3.25000E+01	  2.03613E+01	  3.64417E+01	 -3.87959E+00	 -2.26310E+00	 -3.36258E+00	 -1.96176E+00	   -13.323637%
  12	   8	  3.25000E+01	  2.29875E+01	  3.74745E+01	 -3.87959E+00	 -2.58640E+00	 -3.34460E+00	 -2.23000E+00	   -13.786819%
  12	   9	  3.25000E+01	  2.55154E+01	  3.85698E+01	 -3.87959E+00	 -2.90970E+00	 -3.33150E+00	 -2.49889E+00	   -14.124409%
  12	  10	  3.25000E+01	  2.79413E+01	  3.97107E+01	 -3.87959E+00	 -3.23300E+00	 -3.33499E+00	 -2.77942E+00	   -14.034268%
  12	  11	  3.25000E+01	  3.02629E+01	  4.08819E+01	 -3.87959E+00	 -3.55630E+00	 -3.46035E+00	 -3.17220E+00	   -10.803701%


Maximum distortion: -14.1256%
Predicted coordinate ABCD matrix:
A =        -6.09
B =            0
C =            0
D =        -6.09

SMIA TV Distortion 0.0000%
